6722.8 6956.9 -5.6 160 0 15.5 9.9 5.0 2.5 2 0 2 5 5
6715.3 6979.6 -5.1 160 0 15.5 9.9 5.0 0.0 0 0 2 2 2
6709.3 7011.0 -5.0 250 0 9.9 15.5 7.5 2.5 2 1 3 1 1
6756.7 6944.0 -6.7 340 0 15.5 9.9 5.0 2.5 2 0 2 5 5
6726.0 7016.2 -5.1 250 0 9.9 15.5 7.5 0.0 0 1 3 3 3
6280.5 6875.1 -7.3 342 0 12.3 18.3 7.5 2.5 2 1 3 3 3
6275.6 6890.7 -7.2 342 0 12.3 18.3 5.0 2.5 4 1 2 5 5
6269.2 6909.3 -7.1 342 0 12.3 18.3 7.5 2.5 2 1 3 3 3
6252.2 6931.3 -7.6 252 0 18.3 12.3 2.5 2.5 2 0 1 1 1
6342.0 6530.7 -8.7 336 0 15.7 17.7 10.0 0.0 0 1 4 2 2
6332.4 6551.5 -8.8 336 0 15.7 17.7 10.0 0.0 0 1 4 1 1
6323.3 6570.7 -8.9 336 0 15.7 17.7 7.5 0.0 0 1 3 1 1
6395.9 8799.8 -9.3 342 0 28.4 20.3 7.5 2.5 2 0 3 5 5
