5843.8 -4372.1 0.1 167 0 6.0 7.0 7.5 2.5 2 1 3 1 1
5818.7 -4357.9 -0.7 180 0 6.8 5.5 7.5 2.5 2 0 3 4 4
5818.7 -4340.1 -0.9 179 0 6.8 5.5 7.5 2.5 2 0 3 5 5
2024.3 -12042.8 -7.0 157 0 8.4 8.9 2.5 0.0 0 1 1 2 2
1682.2 -12328.4 -8.3 145 0 19.6 19.0 10.0 0.0 0 0 4 1 1
1550.5 -12153.3 -9.3 159 0 5.7 11.6 2.5 0.0 0 1 1 5 5
1588.3 -12074.1 -8.9 253 0 5.7 29.3 2.5 0.0 0 1 1 3 3
1694.6 -12071.3 -8.5 332 0 6.9 6.9 2.5 0.0 0 1 1 3 3
1685.0 -12059.7 -8.5 242 0 6.9 6.9 2.5 0.0 0 0 1 5 5
1745.4 -12160.4 -8.3 332 0 44.8 10.5 2.5 0.0 0 0 1 3 3
-4690.1 -3762.9 -7.5 180 0 20.1 14.8 10.0 2.5 2 0 4 1 1
