6781.0 8501.6 -5.9 119 0 7.7 16.8 7.5 2.5 2 1 3 3 3
6393.2 10264.4 -10.2 267 0 5.1 5.4 7.5 2.5 2 1 3 2 2
6911.9 7917.2 -6.1 12 0 32.6 12.4 10.0 2.5 2 0 4 5 5
6878.7 7892.3 -6.7 192 0 30.4 21.4 7.5 0.0 0 0 3 5 5
3715.4 8090.2 -2.7 316 0 35.8 44.3 10.0 0.0 0 1 4 5 5
3275.7 -4275.0 -0.5 190 0 8.3 4.1 7.5 2.5 2 0 3 4 4
3344.9 -4699.8 -2.9 285 0 13.3 8.3 7.5 2.5 2 0 3 3 3
3157.5 -4559.0 -2.0 115 0 5.8 13.1 7.5 2.5 4 1 3 4 4
3159.5 -4514.2 -1.7 283 0 3.8 11.1 7.5 2.5 2 1 3 5 5
3186.5 -4535.6 -1.6 289 0 4.3 5.6 7.5 2.5 2 1 3 5 5
3231.7 -4508.8 -1.1 17 0 7.0 5.0 7.5 0.0 0 0 3 1 1
3203.6 -4456.2 -1.2 204 0 3.6 4.2 5.0 2.5 2 1 2 3 3
3212.0 -4445.8 -1.1 199 0 3.4 6.5 5.0 2.5 2 1 2 5 5
3251.0 -4455.0 -0.7 14 0 8.7 5.1 7.5 2.5 2 0 3 0 0
3253.1 -4444.9 -0.7 22 0 6.7 4.0 7.5 2.5 2 0 3 3 3
3271.5 -4374.3 -0.4 200 0 7.9 6.8 7.5 2.5 2 0 3 4 4
3274.9 -4353.4 -0.6 107 0 13.8 18.2 10.0 2.5 2 1 4 3 3
3236.7 -4331.5 -0.8 109 0 5.2 8.3 2.5 2.5 2 1 1 2 2
3286.2 -4250.9 -0.5 283 0 8.9 5.6 7.5 2.5 2 0 3 0 0
3302.7 -4378.9 -0.1 188 0 16.0 5.5 2.5 2.5 2 0 1 5 5
3334.9 -4400.0 -0.2 6 0 5.3 3.2 7.5 0.0 0 0 3 2 2
3287.9 -4417.9 -0.3 153 0 15.9 24.5 10.0 0.0 0 1 4 1 1
3310.8 -4396.1 -0.1 8 0 3.5 7.0 5.0 2.5 2 1 2 3 3
3332.5 -4431.6 -0.1 7 0 4.6 3.9 7.5 2.5 2 0 3 3 3
3374.0 -4356.9 -1.1 190 0 4.6 7.8 5.0 2.5 2 1 2 1 1
3416.9 -4311.3 -0.8 355 0 3.3 4.8 2.5 2.5 2 1 1 2 2
3412.7 -4316.7 -0.9 350 0 3.8 3.6 7.5 2.5 4 0 3 0 0
3391.0 -4379.7 -1.6 185 0 13.5 7.9 7.5 2.5 2 0 3 5 5
3368.8 -4394.8 -1.0 190 0 14.2 19.3 10.0 2.5 2 1 4 2 2
3395.0 -4418.8 -0.0 98 0 4.6 9.9 5.0 2.5 2 1 2 4 4
3404.0 -4419.3 -0.3 101 0 19.4 22.2 10.0 0.0 0 1 4 5 5
3422.2 -4463.2 -0.1 101 0 7.8 30.4 5.0 0.0 0 1 2 2 2
3468.4 -4457.6 0.1 110 0 4.0 7.6 7.5 2.5 2 1 3 0 0
3525.5 -4466.8 -0.1 7 0 17.1 10.0 5.0 2.5 4 0 2 3 3
3514.9 -4486.4 -0.4 127 0 4.8 4.4 5.0 0.0 0 0 2 2 2
3544.9 -4533.3 -1.1 286 0 16.7 5.4 7.5 2.5 2 0 3 1 1
3514.6 -4540.2 -1.1 194 0 8.2 4.7 2.5 0.0 0 0 1 0 0
3510.2 -4560.6 -1.2 196 0 5.3 4.8 7.5 0.0 0 0 3 3 3
3585.9 -4582.7 -1.7 12 0 4.8 5.9 7.5 2.5 4 1 3 0 0
3537.9 -4594.3 -1.7 104 0 6.0 5.6 7.5 2.5 4 0 3 5 5
3520.0 -4614.2 -1.8 99 0 5.3 11.3 5.0 0.0 0 1 2 1 1
3580.0 -4631.6 -2.3 34 0 10.6 5.1 5.0 0.0 0 0 2 5 5
3496.6 -4624.8 -1.9 101 0 6.5 6.0 7.5 2.5 2 0 3 5 5
3535.2 -4654.4 -2.5 193 0 10.7 23.2 10.0 2.5 2 1 4 4 4
3541.4 -4682.5 -2.7 26 0 13.3 15.8 7.5 2.5 2 1 3 0 0
3528.4 -4647.5 -2.3 287 0 3.9 3.5 7.5 2.5 2 0 3 0 0
3460.6 -4680.3 -2.5 188 0 3.1 3.5 5.0 2.5 2 1 2 2 2
3468.1 -4701.7 -2.8 99 0 4.2 11.3 7.5 2.5 2 1 3 1 1
3494.3 -4708.5 -3.1 270 0 4.5 5.1 7.5 2.5 2 1 3 1 1
3506.7 -4816.1 -5.2 28 0 3.4 13.2 2.5 2.5 4 1 1 4 4
3518.2 -4923.5 -6.6 358 0 3.9 3.9 5.0 2.5 2 0 2 1 1
3512.0 -4959.8 -6.9 104 0 4.0 19.9 5.0 2.5 4 1 2 0 0
3463.0 -4840.4 -5.6 290 0 5.3 19.0 5.0 2.5 2 1 2 4 4
3432.7 -4901.6 -5.9 118 0 4.7 6.1 7.5 2.5 2 1 3 1 1
3419.4 -4839.6 -5.4 300 0 6.5 19.4 2.5 2.5 2 1 1 4 4
3433.5 -4850.0 -5.5 211 0 5.1 12.3 7.5 0.0 0 1 3 1 1
3420.6 -4860.3 -5.5 210 0 3.6 12.1 5.0 2.5 2 1 2 1 1
3398.1 -4874.1 -5.6 207 0 8.8 6.4 7.5 2.5 2 0 3 2 2
3391.3 -4900.3 -5.7 118 0 15.6 8.1 2.5 2.5 2 0 1 1 1
3393.5 -4965.2 -6.8 228 0 6.5 14.4 5.0 0.0 0 1 2 4 4
3458.1 -5000.9 -7.0 38 0 18.3 19.6 10.0 2.5 2 1 4 0 0
3465.2 -4984.4 -6.9 28 0 7.6 5.3 7.5 2.5 2 0 3 2 2
3401.3 -5001.4 -7.1 225 0 21.1 20.4 7.5 2.5 2 0 3 1 1
3442.2 -4677.8 -2.5 19 0 13.5 22.0 7.5 2.5 2 1 3 1 1
3431.5 -4659.8 -2.1 18 0 7.4 16.1 7.5 2.5 2 1 3 4 4
3442.4 -4568.4 -1.1 20 0 8.0 4.3 7.5 2.5 2 0 3 2 2
3477.9 -4562.0 -1.1 15 0 10.9 6.6 7.5 2.5 2 0 3 1 1
3449.8 -4492.6 -0.7 289 0 15.8 23.9 7.5 2.5 2 1 3 0 0
3410.9 -4533.1 -0.8 195 0 16.2 5.0 7.5 2.5 2 0 3 5 5
3393.2 -4591.4 -1.1 197 0 6.0 4.7 7.5 0.0 0 0 3 0 0
3388.1 -4660.2 -2.2 198 0 7.5 17.8 7.5 2.5 2 1 3 1 1
3379.6 -4656.3 -2.0 197 0 6.3 6.3 7.5 2.5 2 1 3 0 0
3372.2 -4678.4 -2.4 196 0 5.3 4.6 7.5 2.5 2 0 3 2 2
3370.1 -4684.5 -2.6 197 0 3.9 11.2 2.5 2.5 4 1 1 1 1
3351.5 -4645.3 -1.7 15 0 4.2 5.0 7.5 2.5 2 1 3 4 4
3369.9 -4584.2 -1.0 19 0 7.7 14.5 7.5 2.5 2 1 3 2 2
3374.2 -4569.3 -0.9 17 0 5.4 10.8 7.5 2.5 2 1 3 0 0
3393.7 -4558.7 -0.9 17 0 11.5 5.4 7.5 2.5 2 0 3 1 1
3392.2 -4512.2 -0.6 18 0 7.3 17.0 7.5 0.0 0 1 3 2 2
3348.3 -4483.7 -0.3 194 0 5.8 6.8 7.5 2.5 2 1 3 0 0
3367.5 -4505.1 -0.5 194 0 8.0 4.9 5.0 2.5 2 0 2 1 1
3322.2 -4559.6 -0.8 197 0 11.4 8.0 7.5 2.5 2 0 3 5 5
3334.7 -4561.3 -0.8 197 0 7.2 17.7 7.5 2.5 2 1 3 3 3
3319.4 -4614.6 -1.3 197 0 7.2 16.4 7.5 2.5 2 1 3 4 4
3305.4 -4631.7 -1.5 200 0 4.9 5.7 7.5 2.5 4 1 3 0 0
3263.4 -4660.4 -2.1 104 0 8.5 5.9 5.0 2.5 4 0 2 5 5
3295.6 -4590.2 -1.2 15 0 5.2 7.5 7.5 2.5 2 1 3 0 0
3278.8 -4582.3 -1.3 17 0 18.2 7.7 5.0 2.5 2 0 2 3 3
3291.0 -4569.2 -1.1 18 0 5.4 7.8 2.5 2.5 2 1 1 3 3
3302.0 -4551.8 -0.9 16 0 3.8 6.0 7.5 2.5 2 1 3 2 2
3328.2 -4477.5 -0.2 17 0 6.4 6.2 7.5 2.5 2 0 3 4 4
3280.6 -4442.6 -0.4 278 0 6.5 3.2 5.0 0.0 0 0 2 4 4
3271.0 -4461.4 -0.5 195 0 9.3 7.1 7.5 2.5 4 0 3 0 0
3291.1 -4467.2 -0.5 286 0 7.5 18.1 7.5 0.0 0 1 3 3 3
3279.7 -4496.2 -0.7 196 0 17.9 7.0 2.5 2.5 4 0 1 4 4
3227.9 -4608.0 -1.8 197 0 4.0 8.8 7.5 2.5 2 1 3 1 1
3227.1 -4642.2 -2.0 114 0 10.4 9.4 5.0 2.5 2 0 2 4 4
3069.9 -4665.1 -2.9 196 0 8.5 36.3 7.5 2.5 2 1 3 0 0
3048.9 -4573.8 -1.2 196 0 11.5 14.6 5.0 2.5 4 1 2 5 5
3164.3 -4704.0 -3.1 18 0 4.8 6.6 5.0 2.5 2 1 2 5 5
3466.3 -4153.3 -0.8 271 0 20.9 15.7 12.5 2.5 4 0 5 4 4
3438.8 -4202.6 -0.8 90 0 10.1 27.5 7.5 2.5 2 1 3 2 2
3382.0 6541.5 -0.5 39 0 14.1 8.9 5.0 2.5 4 0 2 3 3
6924.9 8617.2 -5.3 357 0 78.1 71.4 12.5 0.0 0 0 5 5 5
