2235.0 -9773.4 9.5 69 0 104.0 59.5 10.0 0.0 0 0 4 2 2
2235.9 -9646.4 9.8 336 0 59.1 98.9 12.5 0.0 0 1 5 5 5
2114.7 -9613.3 11.0 156 0 60.6 99.5 12.5 0.0 0 1 5 4 4
1960.7 -9576.7 9.8 159 0 62.2 97.5 10.0 0.0 0 1 4 4 4
2119.6 -9484.5 10.3 250 0 100.4 57.1 10.0 0.0 0 0 4 3 3
2267.3 -9347.9 12.4 158 0 107.9 54.8 12.5 0.0 0 0 5 3 3
2223.4 -9236.3 11.3 157 0 102.9 55.7 12.5 0.0 0 0 5 1 1
2403.6 -9350.8 11.4 70 0 58.1 109.7 7.5 0.0 0 1 3 1 1
2401.3 -9100.1 9.8 245 0 48.1 104.4 12.5 0.0 0 1 5 0 0
2488.2 -9316.3 10.5 70 0 60.3 105.9 5.0 0.0 0 1 2 1 1
-3492.6 12287.7 -27.6 308 0 97.1 99.5 7.0 0.0 0 1 2 5 5
-6347.4 5986.7 -9.3 339 0 19.5 21.3 14.0 3.5 2 1 4 1 1
-5095.7 8638.5 -18.7 327 0 28.2 25.2 14.0 0.0 0 0 4 5 5
-5045.1 8563.5 -16.3 327 0 26.2 26.3 14.0 0.0 0 1 4 2 2
-4941.1 8402.1 -16.3 329 0 29.4 29.4 10.5 0.0 0 1 3 5 5
-4994.3 8482.8 -15.0 326 0 25.5 25.4 10.5 0.0 0 0 3 5 5
-5023.4 9290.5 -22.5 147 0 18.6 43.7 10.5 3.5 4 1 3 5 5
-4827.7 9566.0 -24.0 60 0 23.6 22.6 14.0 3.5 2 0 4 0 0
-5024.1 9350.1 -22.7 56 0 23.5 23.1 7.0 3.5 2 0 2 1 1
-4842.8 9472.0 -20.2 56 0 23.5 23.1 7.0 3.5 2 0 2 1 1
-4846.8 9532.5 -22.2 236 0 23.6 23.1 10.5 3.5 2 0 3 3 3
-4800.9 9563.6 -23.7 236 0 23.5 23.1 7.0 3.5 2 0 2 0 0
-4990.1 9449.6 -21.4 240 0 23.6 22.6 10.5 3.5 2 0 3 0 0
-4869.9 9516.1 -21.5 236 0 23.5 23.1 10.5 3.5 2 0 3 0 0
-4926.1 9510.9 -22.1 60 0 23.6 22.6 14.0 3.5 2 0 4 3 3
-4823.4 9549.1 -23.0 236 0 23.6 23.1 10.5 3.5 2 0 3 4 4
-4818.4 9489.8 -21.0 56 0 23.5 23.1 7.0 3.5 2 0 2 0 0
-4966.1 9462.9 -20.9 240 0 23.7 22.6 10.5 3.5 2 0 3 0 0
-5048.1 9444.7 -22.0 60 0 23.7 22.6 14.0 3.5 2 0 4 3 3
-5025.2 9456.5 -21.5 60 0 23.7 22.6 14.0 3.5 2 0 4 4 4
-5097.7 9416.9 -22.8 60 0 23.6 22.6 14.0 3.5 2 0 4 0 0
-5072.3 9431.4 -22.5 60 0 23.6 22.6 14.0 3.5 2 0 4 0 0
-4951.8 9496.2 -21.5 60 0 23.6 22.6 14.0 3.5 2 0 4 2 2
-4976.5 9481.7 -21.1 60 0 23.6 22.6 14.0 3.5 2 0 4 4 4
-5062.8 9410.1 -22.9 240 0 23.7 22.6 10.5 3.5 2 0 3 1 1
-5001.1 9365.9 -22.7 56 0 23.5 23.1 7.0 3.5 2 0 2 0 0
-5013.8 9437.0 -21.9 240 0 23.6 22.6 10.5 3.5 2 0 3 5 5
-4955.6 9396.8 -21.6 56 0 23.6 23.1 7.0 3.5 2 0 2 3 3
-5000.2 9469.3 -20.9 60 0 23.7 22.6 14.0 3.5 4 0 4 2 2
-4978.4 9380.5 -22.1 56 0 23.5 23.1 7.0 3.5 2 0 2 1 1
-4772.9 9627.6 -22.9 282 0 20.2 10.3 10.5 3.5 2 0 3 1 1
-5038.0 9424.2 -22.5 240 0 23.7 22.6 10.5 3.5 2 0 3 5 5
-4794.7 9505.1 -21.8 56 0 23.5 23.1 7.0 3.5 4 0 2 2 2
-4772.2 9520.9 -22.5 56 0 23.5 23.1 7.0 3.5 2 0 2 3 3
-4876.7 9539.0 -23.5 60 0 23.6 22.6 14.0 3.5 2 0 4 5 5
-4851.4 9552.9 -24.0 60 0 23.6 22.6 14.0 3.5 2 0 4 1 1
-4901.4 9525.0 -22.8 60 0 23.6 22.6 14.0 3.5 2 0 4 1 1
-4931.6 9411.6 -21.1 56 0 23.5 23.1 7.0 3.5 4 0 2 4 4
-4668.8 9431.6 -20.2 338 0 22.1 10.0 7.0 3.5 2 0 2 1 1
-4906.0 9403.9 -21.0 236 0 21.8 10.4 7.0 3.5 4 0 2 0 0
-4797.0 9633.2 -23.0 282 0 20.2 10.3 10.5 3.5 2 0 3 0 0
-4824.0 9458.9 -20.3 236 0 21.8 10.4 7.0 3.5 2 0 2 5 5
-4926.1 9390.4 -21.4 236 0 21.8 10.4 7.0 0.0 0 0 2 2 2
-5059.2 9344.3 -21.4 135 0 21.6 10.2 7.0 3.5 2 0 2 2 2
-4882.6 9258.3 -19.9 236 0 21.8 10.5 7.0 3.5 2 0 2 3 3
-4980.2 9562.5 -23.4 242 0 20.2 11.0 10.5 0.0 0 0 3 3 3
-4894.4 9610.6 -23.4 242 0 20.2 11.0 10.5 0.0 0 0 3 4 4
-5008.8 9334.5 -22.8 236 0 21.8 10.4 7.0 3.5 2 0 2 2 2
-4913.6 9562.7 -23.8 242 0 20.2 11.0 14.0 3.5 2 0 4 4 4
-5089.0 9503.7 -23.4 242 0 20.2 11.0 10.5 3.5 2 0 3 3 3
-5177.1 9454.4 -23.1 242 0 20.2 11.0 10.5 3.5 2 0 3 1 1
-5076.1 9361.9 -21.5 135 0 21.6 10.2 7.0 0.0 0 0 2 5 5
-4955.3 9325.7 -22.7 57 0 43.7 18.6 10.5 3.5 2 0 3 4 4
-4906.3 9241.8 -19.7 236 0 21.8 10.4 7.0 0.0 0 0 2 1 1
-4803.2 9473.2 -20.4 236 0 21.8 10.4 7.0 3.5 2 0 2 4 4
-5132.0 9442.7 -22.7 242 0 20.2 11.0 14.0 3.5 2 0 4 4 4
-4763.1 9500.6 -20.6 236 0 21.8 10.5 7.0 3.5 2 0 2 3 3
-4983.4 9278.1 -20.9 238 0 50.6 23.2 10.5 3.5 2 0 3 5 5
-4939.0 9308.3 -21.9 236 0 49.4 22.8 10.5 3.5 2 0 3 5 5
-4894.7 9338.2 -21.9 238 0 47.4 22.8 10.5 0.0 0 0 3 5 5
-4865.0 9431.5 -20.4 236 0 21.8 10.5 7.0 3.5 4 0 2 4 4
-4742.8 9514.2 -21.2 236 0 21.8 10.5 7.0 3.5 2 0 2 3 3
-4819.1 9391.0 -20.6 236 0 51.3 23.9 10.5 3.5 2 0 3 4 4
-4704.9 9452.7 -20.6 328 0 22.5 46.7 10.5 3.5 2 1 3 5 5
-4952.8 9210.6 -19.3 236 0 21.8 10.5 7.0 3.5 4 0 2 5 5
-4821.7 9638.3 -23.2 282 0 20.2 10.3 10.5 3.5 2 0 3 4 4
-4994.0 9223.7 -18.8 315 0 21.6 10.2 7.0 3.5 2 0 2 2 2
-4946.9 9376.5 -21.8 236 0 21.8 10.5 7.0 3.5 2 0 2 2 2
-5109.9 9454.8 -22.2 242 0 20.2 11.0 14.0 3.5 2 0 4 3 3
-5154.4 9418.7 -23.0 135 0 21.6 10.2 7.0 3.5 2 0 2 4 4
-5003.6 9550.0 -23.4 242 0 20.2 11.0 10.5 3.5 2 0 3 1 1
-4823.6 9414.9 -20.4 57 0 43.7 18.6 10.5 3.5 2 0 3 0 0
-4765.0 9337.9 -20.2 236 0 21.8 10.4 7.0 3.5 2 0 2 3 3
-4891.4 9576.9 -24.0 242 0 20.2 11.0 14.0 0.0 0 0 4 2 2
-4905.3 9266.2 -20.5 57 0 48.4 23.4 10.5 3.5 2 0 3 2 2
-5024.6 9538.2 -23.4 242 0 20.2 11.0 10.5 3.5 2 0 3 3 3
-4780.2 9443.6 -20.5 57 0 43.7 18.6 10.5 0.0 0 0 3 2 2
-5093.8 9379.0 -21.7 135 0 21.6 10.2 7.0 3.5 4 0 2 1 1
-5153.1 9381.8 -21.1 45 0 10.1 21.6 7.0 3.5 2 1 2 2 2
-5132.7 9479.5 -23.1 242 0 20.2 11.0 10.5 3.5 2 0 3 0 0
-5126.1 9396.8 -22.7 45 0 10.2 21.6 7.0 3.5 2 1 2 0 0
-4844.1 9445.6 -20.3 236 0 21.8 10.4 7.0 0.0 0 0 2 4 4
-4858.5 9273.9 -20.1 236 0 21.8 10.5 7.0 3.5 2 0 2 1 1
-5045.4 9527.3 -23.4 242 0 20.2 11.0 10.5 3.5 2 0 3 2 2
-4911.4 9355.2 -21.9 57 0 43.7 18.6 10.5 3.5 2 0 3 2 2
-4981.2 9525.3 -22.9 242 0 20.2 11.0 14.0 3.5 2 0 4 3 3
-4741.4 9353.4 -20.2 236 0 21.8 10.4 7.0 3.5 2 0 2 4 4
-4929.4 9226.3 -19.4 236 0 21.8 10.4 7.0 3.5 2 0 2 0 0
-4869.8 9588.0 -24.0 242 0 20.2 11.0 14.0 3.5 4 0 4 5 5
-5013.5 9243.9 -19.1 315 0 21.6 10.2 7.0 3.5 2 0 2 3 3
-4793.9 9342.5 -20.7 56 0 48.0 23.3 10.5 3.5 2 0 3 3 3
-5086.8 9467.7 -21.7 242 0 20.2 11.0 14.0 3.5 2 0 4 2 2
-4852.7 9634.0 -23.4 242 0 20.2 11.0 10.5 3.5 2 0 3 0 0
-4717.7 9369.6 -20.1 236 0 21.8 10.4 7.0 3.5 2 0 2 3 3
-4848.9 9599.8 -23.9 242 0 20.2 11.0 14.0 0.0 0 0 4 2 2
-4915.7 9599.0 -23.4 242 0 20.2 11.0 10.5 0.0 0 0 3 4 4
-4678.4 9457.6 -20.5 338 0 22.1 10.0 7.0 3.5 2 0 2 1 1
-4736.5 9473.0 -20.6 57 0 43.7 18.6 10.5 3.5 2 0 3 0 0
-5111.1 9491.7 -23.4 242 0 20.2 11.0 10.5 3.5 2 0 3 4 4
-5063.5 9480.5 -21.9 242 0 20.2 11.0 14.0 0.0 0 0 4 2 2
-4693.7 9385.6 -20.0 236 0 21.8 10.4 7.0 3.5 2 0 2 1 1
-5002.0 9514.4 -22.7 242 0 20.2 11.0 14.0 3.5 2 0 4 3 3
-4937.2 9586.9 -23.4 242 0 20.2 11.0 10.5 3.5 2 0 3 4 4
-5043.8 9491.4 -22.1 242 0 20.2 11.0 14.0 3.5 2 0 4 3 3
-4936.3 9550.4 -23.5 242 0 20.2 11.0 14.0 3.5 2 0 4 3 3
-4689.0 9484.5 -20.6 338 0 22.1 10.0 7.0 3.5 2 0 2 1 1
-4693.0 9424.4 -20.7 327 0 22.2 47.5 10.5 3.5 2 1 3 1 1
-4958.2 9538.4 -23.2 242 0 20.2 11.0 14.0 3.5 4 0 4 5 5
-4669.7 9401.3 -19.9 236 0 21.8 10.4 7.0 0.0 0 0 2 5 5
-4811.5 9306.4 -20.2 236 0 21.8 10.4 7.0 3.5 2 0 2 5 5
-4885.1 9418.2 -20.6 236 0 21.8 10.4 7.0 3.5 2 0 2 3 3
-5023.3 9502.7 -22.4 242 0 20.2 11.0 14.0 3.5 2 0 4 3 3
-4717.9 9563.4 -23.0 338 0 22.1 10.0 10.5 3.5 2 0 3 1 1
-5033.2 9263.6 -19.0 315 0 21.6 10.2 7.0 3.5 2 0 2 2 2
-4873.0 9622.6 -23.4 242 0 20.2 11.0 10.5 0.0 0 0 3 0 0
-5025.3 9323.2 -21.6 236 0 10.1 10.6 7.0 3.5 2 1 2 3 3
-4774.2 9420.5 -20.6 238 0 47.5 23.1 10.5 3.5 2 0 3 5 5
-4788.1 9321.8 -20.2 236 0 21.8 10.4 7.0 3.5 4 0 2 1 1
-5154.9 9467.5 -23.1 242 0 20.2 11.0 10.5 3.5 4 0 3 4 4
-4749.1 9622.7 -22.7 282 0 20.2 10.3 10.5 3.5 2 0 3 4 4
-4967.5 9362.6 -22.3 236 0 21.8 10.4 7.0 3.5 2 0 2 5 5
-4834.8 9289.8 -20.1 236 0 21.8 10.4 7.0 3.5 2 0 2 5 5
-4988.0 9348.9 -22.7 236 0 21.8 10.4 7.0 3.5 2 0 2 2 2
-5067.4 9515.6 -23.4 242 0 20.2 11.0 10.5 3.5 2 0 3 2 2
-4782.2 9487.2 -20.4 236 0 21.8 10.5 7.0 3.5 2 0 2 5 5
-4977.5 9232.0 -19.5 148 0 22.1 51.1 10.5 3.5 2 1 3 5 5
-4861.1 9295.6 -21.2 56 0 47.4 23.9 10.5 0.0 0 0 3 4 4
-4750.7 9372.0 -20.6 57 0 48.0 22.5 10.5 3.5 2 0 3 2 2
-4722.8 9586.6 -23.2 1 0 20.9 10.1 10.5 3.5 4 0 3 3 3
-4867.4 9385.6 -20.9 57 0 43.7 18.6 10.5 3.5 2 0 3 1 1
-5181.8 9403.2 -22.3 135 0 21.6 10.2 7.0 3.5 4 0 2 0 0
-4959.1 9574.8 -23.4 242 0 20.2 11.0 10.5 3.5 2 0 3 1 1
-1214.1 5140.0 -5.0 147 0 20.5 74.8 7.5 2.5 2 1 3 1 1
8.9 6032.7 -8.9 57 0 17.2 77.8 10.0 2.5 2 1 4 2 2
22.8 6232.7 -7.3 237 0 13.3 64.4 10.0 2.5 2 1 4 0 0
82.9 6105.7 -10.0 57 0 12.8 64.7 10.0 2.5 2 1 4 5 5
53.6 6253.8 -6.3 237 0 12.5 64.6 10.0 2.5 2 1 4 3 3
130.9 6136.9 -10.2 56 0 12.6 65.3 10.0 2.5 2 1 4 4 4
68.7 6263.7 -6.1 237 0 12.9 64.3 10.0 2.5 2 1 4 3 3
146.6 6146.8 -9.7 56 0 13.0 65.0 10.0 0.0 0 1 4 2 2
-1032.5 4574.4 -2.3 57 0 163.3 150.2 12.5 0.0 0 0 5 5 5
-1110.8 5121.7 -5.1 327 0 92.7 54.3 10.0 0.0 0 0 4 4 4
99.4 6116.2 -10.8 56 0 13.1 65.0 12.5 2.5 2 1 5 3 3
-8.5 6211.2 -9.0 237 0 12.8 63.2 12.5 2.5 2 1 5 1 1
66.4 6095.7 -9.8 57 0 12.5 64.6 12.5 2.5 2 1 5 2 2
37.8 6243.3 -6.5 237 0 12.1 64.9 10.0 2.5 2 1 4 0 0
115.0 6126.1 -10.7 56 0 12.8 65.1 15.0 0.0 0 1 6 1 1
-799.2 4930.8 -0.9 237 0 169.4 61.1 12.5 0.0 0 0 5 0 0
7.6 6221.6 -8.8 237 0 13.3 63.5 12.5 2.5 2 1 5 4 4
36.9 6050.8 -7.5 57 0 17.2 78.6 10.0 2.5 2 1 4 0 0
50.2 6085.5 -10.0 57 0 12.6 64.3 10.0 2.5 2 1 4 1 1
160.2 6138.7 -10.4 327 0 15.2 40.0 10.0 2.5 2 1 4 0 0
-24.6 6201.0 -8.7 238 0 13.3 63.7 10.0 2.5 2 1 4 2 2
-4664.7 11365.4 -27.8 222 0 29.8 28.2 14.0 0.0 0 0 4 2 2
-4642.1 11393.3 -27.5 222 0 24.2 38.3 14.0 0.0 0 1 4 1 1
-4722.2 9528.7 -21.8 235 0 20.9 10.5 7.0 3.5 2 0 2 5 5
-4743.2 9547.6 -22.9 338 0 21.6 10.7 10.5 0.0 0 0 3 3 3
-4726.7 9611.5 -22.7 327 0 11.0 10.3 10.5 3.5 2 0 3 5 5
-4701.0 9513.9 -21.1 324 0 10.9 21.6 7.0 3.5 2 1 2 0 0
-4752.4 9570.2 -23.6 337 0 21.2 10.6 10.5 3.5 2 0 3 1 1
-4759.4 9588.9 -23.5 337 0 10.8 10.8 10.5 3.5 2 1 3 0 0
-4782.9 9576.3 -23.8 236 0 10.3 11.6 10.5 3.5 2 1 3 1 1
-4803.5 9586.6 -23.9 56 0 20.9 12.3 14.0 3.5 2 0 4 0 0
-4822.0 9606.1 -23.7 281 0 9.9 11.1 10.5 3.5 4 1 3 3 3
-5080.4 9400.4 -22.7 244 0 10.1 10.1 10.5 3.5 2 1 3 1 1
-5193.9 9444.5 -23.1 244 0 9.5 10.6 10.5 3.5 2 1 3 2 2
-6105.0 8893.5 -16.1 233 0 34.5 11.6 14.0 3.5 2 0 4 3 3
-5042.3 9313.5 -20.8 150 0 7.1 8.3 3.5 3.5 2 1 1 2 2
-5039.4 9307.0 -20.8 148 0 6.8 9.9 3.5 3.5 2 1 1 3 3
-1122.0 12612.0 -30.6 155 0 29.5 70.2 14.0 0.0 0 1 4 2 2
-987.1 12492.2 -26.9 335 0 29.4 70.0 10.5 0.0 0 1 3 3 3
-1004.3 12530.3 -28.0 335 0 30.0 70.7 10.5 0.0 0 1 3 5 5
-969.8 12456.7 -26.8 335 0 30.3 70.9 10.5 0.0 0 1 3 0 0
-908.9 12326.0 -26.9 335 0 29.3 69.9 14.0 0.0 0 1 4 2 2
-928.0 12364.0 -27.0 335 0 29.4 70.0 14.0 0.0 0 1 4 0 0
-890.3 12291.7 -26.5 335 0 30.6 71.2 14.0 0.0 0 1 4 1 1
-5133.8 9370.9 -19.6 225 0 5.1 3.1 10.5 0.0 0 0 3 0 0
-5129.6 9341.8 -19.9 134 0 15.3 30.7 3.5 3.5 2 1 1 2 2
-6760.8 9540.5 -19.0 326 0 31.3 27.3 14.0 0.0 0 0 4 3 3
-6127.2 8851.5 -16.3 238 0 37.6 30.3 14.0 0.0 0 0 4 0 0
-6611.7 9231.5 -16.1 145 0 11.1 11.3 14.0 3.5 2 1 4 4 4
-6578.4 9225.2 -16.1 238 0 24.2 16.9 14.0 3.5 2 0 4 3 3
-6588.9 9199.1 -16.1 148 0 12.7 7.2 10.5 3.5 2 0 3 1 1
-6536.6 9199.6 -16.0 326 0 16.1 12.2 10.5 3.5 2 0 3 1 1
-6563.7 9187.4 -16.0 237 0 24.4 10.8 10.5 3.5 2 0 3 2 2
-6628.7 9221.7 -17.1 237 0 10.0 57.0 10.5 3.5 2 1 3 3 3
-6583.3 9173.3 -17.1 324 0 14.0 15.7 10.5 3.5 2 1 3 0 0
-6606.3 9293.0 -16.1 237 0 15.4 49.3 10.5 3.5 2 1 3 0 0
-6616.5 9292.9 -16.5 57 0 25.2 87.6 14.0 0.0 0 1 4 5 5
-6402.3 8966.9 -14.5 58 0 21.0 18.7 10.5 3.5 2 0 3 1 1
-6415.5 9007.7 -14.2 328 0 45.5 21.8 10.5 3.5 2 0 3 3 3
-6435.7 9039.2 -13.9 326 0 29.2 25.4 10.5 0.0 0 0 3 3 3
-6477.2 9105.6 -15.5 331 0 68.2 25.0 10.5 0.0 0 0 3 1 1
-6509.5 9160.5 -15.9 328 0 60.0 28.4 10.5 0.0 0 0 3 5 5
-6508.0 9452.4 -20.8 235 0 20.7 194.5 14.0 0.0 0 1 4 0 0
-6507.2 9452.9 -19.2 55 0 18.6 10.1 10.5 3.5 2 0 3 1 1
-6652.8 9787.0 -21.9 240 0 16.0 48.2 10.5 3.5 2 0 3 3 3
-6601.7 9751.8 -21.6 60 0 36.8 16.5 10.5 3.5 2 0 3 5 5
-6570.3 9770.4 -21.2 59 0 36.3 16.2 10.5 3.5 2 0 3 0 0
-6571.1 9839.0 -20.9 240 0 34.6 48.1 10.5 0.0 0 0 3 4 4
-6503.0 9828.3 -20.4 240 0 72.2 15.4 10.5 3.5 2 0 3 5 5
-6471.2 9870.7 -18.9 330 0 46.6 12.9 10.5 3.5 2 0 3 1 1
-6461.1 9866.7 -20.4 149 0 49.2 15.8 14.0 3.5 2 0 4 3 3
-6386.1 9911.1 -23.6 329 0 45.8 14.9 14.0 3.5 2 0 4 3 3
-6378.8 9914.0 -24.1 151 0 46.6 19.0 14.0 3.5 2 0 4 5 5
-6322.4 9907.0 -24.3 60 0 53.9 16.1 14.0 3.5 2 0 4 2 2
-6274.0 9935.1 -23.4 60 0 57.3 16.1 14.0 3.5 2 0 4 2 2
-6267.4 9981.8 -23.1 149 0 41.6 13.5 14.0 3.5 2 0 4 1 1
-3167.1 12589.5 -25.5 38 0 25.8 337.5 14.0 0.0 0 1 4 5 5
-2815.5 12325.8 -27.9 37 0 29.3 123.2 14.0 0.0 0 0 4 5 5
-2935.4 12396.9 -28.0 128 0 29.9 29.2 14.0 0.0 0 0 4 0 0
-2979.1 12468.7 -28.4 309 0 126.8 29.6 14.0 0.0 0 0 4 5 5
-3038.4 12516.6 -28.5 310 0 26.6 30.8 14.0 0.0 0 0 4 4 4
-3076.1 12546.2 -27.7 307 0 70.1 31.6 14.0 0.0 0 0 4 4 4
-2838.5 6358.9 -7.7 326 0 119.8 91.7 10.5 0.0 0 0 3 0 0
-2789.9 6519.1 -6.6 327 0 59.8 41.2 10.5 0.0 0 0 3 2 2
-2530.0 4445.9 -2.0 327 0 51.3 30.5 12.5 0.0 0 0 5 3 3
-6591.4 11391.6 -33.1 343 0 41.0 27.6 14.0 0.0 0 0 4 5 5
-6692.1 11611.6 -30.6 234 0 115.2 164.8 14.0 0.0 0 1 4 2 2
-3875.1 5041.5 -3.7 238 0 18.7 35.4 10.0 0.0 0 1 4 1 1
-4252.1 10338.2 -20.1 233 0 158.9 74.6 7.0 0.0 0 0 2 2 2
-926.9 5748.4 -4.5 328 0 23.1 53.5 12.5 2.5 2 1 5 0 0
-1613.2 10091.9 -16.6 246 0 26.1 1052.6 3.5 0.0 0 1 1 5 5
-5582.2 12541.5 -30.2 315 0 26.9 29.6 14.0 0.0 0 1 4 1 1
-5606.6 12575.7 -30.9 314 0 16.8 39.6 14.0 3.5 2 1 4 0 0
-5633.8 12529.0 -30.9 313 0 33.0 22.4 14.0 0.0 0 0 4 1 1
-808.6 5641.1 -3.6 165 0 71.0 35.3 12.5 0.0 0 0 5 5 5
-6176.7 10344.8 -25.3 58 0 18.0 20.0 14.0 3.5 2 1 4 3 3
-4061.7 12018.2 -25.5 216 0 115.8 134.3 14.0 0.0 0 1 4 2 2
-4916.4 236.8 5.8 342 0 21.3 18.0 7.5 2.5 4 0 3 0 0
487.0 90.1 6.6 74 0 16.7 21.8 7.5 2.5 2 1 3 1 1
85.4 -130.5 6.9 255 0 13.2 20.0 10.0 2.5 4 1 4 2 2
839.1 352.1 9.2 346 0 11.2 16.4 5.0 2.5 2 1 2 4 4
-199.2 124.4 8.3 75 0 24.5 17.7 7.5 0.0 0 0 3 0 0
-5.4 803.0 5.9 165 0 19.6 17.7 7.5 2.5 2 0 3 3 3
-328.1 523.9 5.2 356 0 13.2 15.6 7.5 2.5 2 1 3 1 1
802.6 1267.4 6.1 347 0 12.6 17.4 5.0 2.5 2 1 2 0 0
-6758.7 10267.8 -22.7 58 0 63.8 19.7 14.0 3.5 2 0 4 0 0
3521.1 -7905.5 6.6 80 0 7.2 11.9 7.5 2.5 2 1 3 4 4
1588.8 -4473.1 17.6 69 0 5.9 17.0 7.5 2.5 2 1 3 5 5
-5944.3 8274.9 -12.9 327 0 121.0 26.8 14.0 0.0 0 0 4 3 3
-6437.2 5356.7 -8.8 83 0 25.5 41.2 14.0 0.0 0 1 4 5 5
-6918.7 10608.8 -24.6 176 0 35.7 19.3 14.0 0.0 0 0 4 4 4
-6441.1 10088.4 -21.2 258 0 37.7 33.9 14.0 0.0 0 0 4 1 1
-6402.5 10368.6 -22.6 146 0 94.7 19.7 10.5 0.0 0 0 3 2 2
-6330.4 10358.3 -22.4 56 0 18.9 94.6 14.0 0.0 0 1 4 0 0
-6543.8 10302.2 -22.6 329 0 60.9 38.9 14.0 0.0 0 0 4 1 1
-6508.8 10372.1 -23.0 238 0 60.5 87.8 14.0 0.0 0 1 4 1 1
-6297.7 10379.4 -22.2 58 0 18.0 96.6 14.0 0.0 0 1 4 3 3
-6261.5 10401.5 -22.6 58 0 19.1 96.3 14.0 0.0 0 1 4 0 0
-4949.6 10716.3 -21.3 256 0 25.7 38.5 14.0 0.0 0 1 4 5 5
-4174.7 9855.4 -25.5 69 0 35.3 44.0 14.0 0.0 0 1 4 4 4
-4007.7 9203.1 -14.6 260 0 39.4 44.3 14.0 0.0 0 1 4 2 2
-421.7 12604.9 -24.4 155 0 24.2 66.4 10.5 0.0 0 1 3 5 5
-343.7 12598.1 -23.1 335 0 25.5 68.0 10.5 0.0 0 1 3 0 0
-324.6 12562.6 -23.0 335 0 23.2 68.9 10.5 0.0 0 1 3 0 0
-600.9 12494.5 -22.2 245 0 25.8 71.5 14.0 0.0 0 1 4 2 2
-642.6 12585.9 -22.8 245 0 27.3 71.2 14.0 0.0 0 1 4 5 5
-535.7 12486.2 -22.0 335 0 70.3 27.4 14.0 0.0 0 0 4 1 1
-606.9 12604.4 -22.8 245 0 26.5 71.1 14.0 0.0 0 1 4 5 5
-543.6 12593.8 -23.1 335 0 69.7 26.7 14.0 0.0 0 0 4 4 4
-531.1 12600.3 -23.5 155 0 69.5 25.8 14.0 0.0 0 0 4 0 0
-765.5 12416.7 -25.6 245 0 25.1 69.7 10.5 0.0 0 1 3 1 1
-807.8 12507.1 -25.5 245 0 25.2 70.9 14.0 0.0 0 1 4 3 3
-730.0 12433.6 -25.2 245 0 25.3 70.8 10.5 0.0 0 1 3 1 1
-772.3 12521.9 -25.1 245 0 25.3 69.5 14.0 0.0 0 1 4 2 2
-844.5 12490.4 -25.8 245 0 23.9 70.3 14.0 0.0 0 1 4 4 4
-879.4 12472.8 -26.2 246 0 25.2 69.0 14.0 0.0 0 1 4 5 5
-189.6 10386.0 -13.5 342 0 28.0 16.9 10.5 0.0 0 0 3 2 2
-190.6 10252.6 -11.5 58 0 52.5 41.9 10.5 0.0 0 0 3 3 3
-1558.7 11687.3 -25.8 251 0 40.8 54.2 10.5 0.0 0 1 3 5 5
-1493.1 11688.2 -26.8 352 0 22.5 25.3 10.5 3.5 2 1 3 1 1
-886.3 12599.5 -28.1 344 0 91.5 58.5 7.0 0.0 0 0 2 0 0
-1277.4 11620.6 -26.6 349 0 8.8 11.5 10.5 3.5 2 1 3 5 5
-3169.5 -1993.0 9.3 158 0 60.8 12.1 7.5 0.0 0 0 3 3 3
-3151.8 -1986.1 9.2 157 0 59.9 12.0 10.0 2.5 2 0 4 2 2
-2101.6 6987.7 -6.6 147 0 90.1 40.2 12.5 0.0 0 0 5 5 5
-1878.7 4278.6 -2.7 58 0 58.7 83.8 12.5 0.0 0 1 5 1 1
6857.8 4192.0 0.1 242 0 23.9 25.8 10.0 0.0 0 1 4 2 2
6823.2 4157.1 -0.9 151 0 28.7 32.8 10.0 0.0 0 1 4 0 0
6889.2 4145.4 0.3 332 0 42.2 27.8 10.0 0.0 0 0 4 3 3
6919.7 4101.4 -0.3 60 0 35.9 26.2 12.5 0.0 0 0 5 5 5
6653.3 4500.3 -5.4 149 0 47.1 50.4 10.0 0.0 0 1 4 3 3
6752.7 4371.4 -4.8 150 0 20.9 32.6 7.5 0.0 0 1 3 4 4
6780.2 4401.3 -5.1 151 0 47.2 12.2 10.0 2.5 2 0 4 2 2
6741.1 4393.7 -5.0 152 0 23.1 33.0 7.5 0.0 0 1 3 4 4
6707.2 4372.8 -4.8 148 0 21.2 32.9 7.5 0.0 0 1 3 5 5
6718.4 4352.4 -4.8 150 0 21.7 33.4 10.0 0.0 0 1 4 3 3
6736.0 4319.8 -4.5 151 0 46.4 89.0 12.5 0.0 0 1 5 1 1
6896.7 4408.4 -4.7 331 0 43.1 84.4 12.5 0.0 0 1 5 4 4
6920.8 4364.4 -3.2 331 0 42.2 84.0 10.0 0.0 0 1 4 1 1
6892.5 4266.4 -1.7 61 0 30.2 43.5 7.5 0.0 0 1 3 4 4
6864.2 4248.9 -1.1 62 0 29.7 39.3 10.0 0.0 0 1 4 2 2
6701.3 4849.1 -4.4 150 0 25.6 9.4 5.0 2.5 2 0 2 2 2
6724.8 4806.1 -4.4 150 0 24.9 9.9 5.0 2.5 2 0 2 5 5
6805.2 4850.0 -3.9 330 0 26.0 10.5 7.5 0.0 0 0 3 3 3
6828.2 4805.8 -3.9 331 0 26.6 10.1 7.5 2.5 2 0 3 2 2
6741.4 4804.3 -4.3 151 0 46.1 63.2 7.5 0.0 0 1 3 4 4
6753.9 4754.2 -4.2 152 0 45.6 77.3 10.0 0.0 0 1 4 4 4
6717.9 4846.6 -4.3 150 0 45.4 63.4 7.5 0.0 0 1 3 1 1
6744.7 4924.1 -4.0 332 0 30.8 30.6 12.5 0.0 0 0 5 0 0
6685.9 4969.0 -4.1 241 0 26.2 34.5 10.0 0.0 0 1 4 4 4
6693.1 4791.5 -5.0 331 0 16.7 12.6 7.5 2.5 4 0 3 1 1
6683.0 5003.4 -3.9 59 0 21.6 14.3 7.5 0.0 0 0 3 3 3
6661.1 4990.0 -4.2 59 0 19.7 11.7 5.0 2.5 2 0 2 2 2
6617.8 4999.8 -4.4 151 0 33.5 43.5 7.5 0.0 0 1 3 2 2
6577.3 4910.9 -5.2 242 0 27.2 41.9 12.5 0.0 0 1 5 4 4
6651.9 4756.0 -5.5 331 0 43.0 29.8 7.5 0.0 0 0 3 2 2
6472.5 5039.6 -4.4 240 0 32.9 25.7 5.0 0.0 0 0 2 3 3
6452.2 4974.6 -5.2 241 0 24.8 30.6 7.5 0.0 0 1 3 0 0
6411.4 4934.0 -4.9 150 0 31.0 24.8 7.5 0.0 0 0 3 5 5
6465.9 4814.6 -4.9 152 0 29.7 25.9 5.0 0.0 0 0 2 4 4
6626.4 4662.6 -5.6 60 0 26.8 39.1 7.5 0.0 0 1 3 3 3
6794.5 4594.8 -5.6 333 0 14.2 10.1 7.5 0.0 0 0 3 5 5
6738.2 4613.4 -5.6 240 0 31.8 31.6 5.0 0.0 0 0 2 1 1
6701.3 4610.7 -6.1 239 0 26.9 37.9 7.5 0.0 0 1 3 0 0
6785.8 4575.4 -6.2 331 0 44.6 56.9 7.5 0.0 0 1 3 4 4
6687.9 4636.2 -5.8 60 0 27.1 39.2 7.5 0.0 0 1 3 2 2
6624.7 4614.1 -5.4 62 0 28.1 26.5 7.5 0.0 0 0 3 4 4
6704.1 4555.6 -5.9 242 0 10.5 20.8 5.0 2.5 2 1 2 1 1
6715.2 4535.0 -5.9 242 0 10.8 23.2 10.0 2.5 2 1 4 2 2
6908.9 4470.6 -4.9 151 0 44.9 90.9 10.0 0.0 0 1 4 5 5
6929.1 4608.9 -5.4 331 0 19.0 37.4 10.0 0.0 0 1 4 0 0
6918.8 4588.5 -5.4 241 0 37.6 19.4 10.0 0.0 0 0 4 5 5
6859.1 4570.1 -5.6 150 0 19.3 38.2 7.5 0.0 0 1 3 4 4
6870.8 4550.7 -5.6 151 0 19.8 36.5 7.5 0.0 0 1 3 3 3
6912.1 4642.4 -5.6 331 0 42.7 71.8 10.0 0.0 0 1 4 1 1
6837.9 4681.9 -5.0 240 0 18.2 43.6 7.5 2.5 2 1 3 4 4
6393.3 4857.4 -3.9 59 0 10.6 10.9 7.5 2.5 2 1 3 5 5
6381.7 4857.6 -3.7 328 0 10.4 9.5 2.5 2.5 2 0 1 3 3
6384.9 4888.5 -4.1 331 0 35.8 25.0 7.5 0.0 0 0 3 4 4
6445.4 4743.2 -3.8 60 0 33.9 36.4 15.0 0.0 0 1 6 1 1
6477.5 4675.0 -3.6 62 0 35.2 31.9 7.5 0.0 0 0 3 4 4
6544.5 4552.5 -3.5 242 0 43.0 29.8 12.5 0.0 0 0 5 2 2
6599.7 4445.0 -3.2 240 0 46.9 25.5 10.0 0.0 0 0 4 2 2
6617.6 4377.2 -3.1 151 0 27.8 40.2 10.0 0.0 0 1 4 3 3
6744.1 4165.9 -2.7 241 0 60.2 36.5 12.5 0.0 0 0 5 5 5
6793.4 4071.1 -1.4 241 0 68.0 25.8 10.0 0.0 0 0 4 2 2
6806.6 4040.2 -1.2 241 0 60.1 24.9 10.0 0.0 0 0 4 0 0
6820.0 4016.9 -0.6 241 0 69.4 59.0 12.5 0.0 0 0 5 0 0
6835.8 3940.1 0.2 331 0 20.3 12.9 12.5 2.5 2 0 5 4 4
6849.4 3907.5 0.4 331 0 17.2 10.3 5.0 2.5 2 0 2 5 5
6862.3 3884.7 0.5 331 0 21.0 13.5 7.5 2.5 2 0 3 0 0
6847.3 3929.6 -0.1 151 0 52.8 39.8 7.5 0.0 0 0 3 0 0
6928.4 3815.6 0.5 63 0 38.4 45.7 10.0 0.0 0 1 4 1 1
6932.2 3806.3 0.9 243 0 81.9 47.8 10.0 0.0 0 0 4 1 1
6123.7 4599.6 -5.0 333 0 21.6 43.9 10.0 2.5 2 1 4 0 0
6068.0 4437.3 -4.7 154 0 18.2 71.3 7.5 2.5 2 1 3 1 1
6099.0 4502.9 -5.0 245 0 31.4 16.7 15.0 0.0 0 0 6 0 0
5966.0 4582.2 -4.9 151 0 9.9 8.2 2.5 2.5 2 0 1 3 3
5960.2 4594.2 -5.0 151 0 13.9 14.7 2.5 2.5 2 1 1 1 1
6099.0 4655.9 -4.4 334 0 44.1 18.9 7.5 2.5 2 0 3 0 0
6055.5 4636.1 -4.8 154 0 44.1 18.9 7.5 2.5 2 0 3 0 0
6046.0 4629.4 -5.1 334 0 44.1 18.9 7.5 2.5 2 0 3 4 4
6001.4 4633.8 -5.3 244 0 18.9 44.1 10.0 2.5 4 1 4 5 5
6058.1 4583.8 -5.2 244 0 18.9 44.1 10.0 2.5 2 1 4 3 3
6031.2 4570.5 -5.1 244 0 18.9 44.1 10.0 2.5 4 1 4 5 5
6007.6 4557.4 -4.8 244 0 18.9 44.1 7.5 2.5 2 1 3 3 3
5985.8 4535.2 -4.8 156 0 22.2 7.9 7.5 2.5 2 0 3 4 4
5990.1 4807.2 -5.6 246 0 19.3 44.3 10.0 2.5 2 1 4 4 4
6015.6 4821.0 -5.7 243 0 19.6 45.8 7.5 2.5 2 1 3 5 5
5917.3 4761.1 -5.5 333 0 6.2 14.7 5.0 2.5 4 1 2 4 4
5819.6 4959.8 -4.7 241 0 20.7 6.0 5.0 2.5 2 0 2 2 2
5794.7 4968.2 -5.1 243 0 15.2 17.6 7.5 2.5 2 1 3 0 0
5809.7 4975.6 -5.0 243 0 15.2 17.6 7.5 2.5 2 1 3 2 2
5825.6 4983.8 -4.9 243 0 15.2 17.6 10.0 2.5 2 1 4 1 1
6678.3 5083.6 -4.3 333 0 46.6 86.8 10.0 0.0 0 1 4 4 4
6640.6 4061.6 -2.8 333 0 14.9 7.9 7.5 0.0 0 0 3 5 5
6682.0 3989.8 -2.3 334 0 21.1 16.6 10.0 2.5 2 0 4 0 0
6793.1 3716.2 -0.2 334 0 36.4 23.0 7.5 0.0 0 0 3 0 0
6952.4 3616.4 0.1 334 0 61.0 215.9 10.0 0.0 0 1 4 1 1
6535.4 3413.5 0.6 154 0 68.2 227.2 10.0 0.0 0 1 4 5 5
6519.0 3730.9 -1.4 288 0 33.2 12.3 7.5 2.5 2 0 3 3 3
6786.9 3971.3 -2.2 333 0 191.9 56.5 10.0 0.0 0 0 4 0 0
6877.5 3780.5 -0.3 334 0 186.9 54.7 10.0 0.0 0 0 4 3 3
6514.7 4168.2 -1.8 244 0 96.6 325.9 10.0 0.0 0 1 4 5 5
6565.7 3824.9 -2.1 64 0 40.5 106.4 7.5 0.0 0 1 3 0 0
6474.3 3970.1 -2.7 154 0 102.9 38.2 7.5 0.0 0 0 3 2 2
6414.4 4135.6 -2.6 244 0 40.7 103.4 10.0 0.0 0 1 4 4 4
6389.7 4191.8 -3.5 332 0 42.9 32.8 10.0 0.0 0 0 4 5 5
6411.7 4202.2 -3.5 153 0 38.7 67.4 10.0 0.0 0 1 4 3 3
6358.2 4274.3 -4.7 333 0 76.5 52.8 7.5 0.0 0 0 3 2 2
6372.6 4281.3 -4.6 153 0 72.1 69.5 7.5 0.0 0 0 3 5 5
6327.1 4374.9 -4.7 153 0 76.8 68.2 5.0 0.0 0 0 2 0 0
6311.4 4369.4 -4.8 333 0 79.2 51.8 7.5 0.0 0 0 3 4 4
6266.5 4462.6 -5.0 334 0 77.3 52.2 7.5 0.0 0 0 3 2 2
6280.9 4468.8 -4.5 153 0 78.0 69.5 7.5 0.0 0 0 3 4 4
6265.5 4579.2 -3.8 245 0 66.8 38.6 7.5 0.0 0 0 3 0 0
6536.2 3695.0 -1.4 331 0 5.7 12.8 7.5 2.5 2 1 3 5 5
-6853.9 12390.4 -31.2 45 0 20.3 16.7 14.0 0.0 0 0 4 0 0
-6415.2 12496.5 -29.4 132 0 25.1 24.2 14.0 0.0 0 0 4 2 2
-6924.0 11614.6 -29.1 151 0 14.9 15.7 7.5 2.5 2 1 3 0 0
-3738.7 11888.3 -25.0 253 0 9.5 13.0 10.5 3.5 2 1 3 1 1
-3731.2 11897.1 -24.9 128 0 13.4 31.2 7.0 3.5 2 1 2 4 4
-3056.3 10214.6 -18.3 245 0 14.2 20.7 10.5 3.5 2 1 3 0 0
-5369.3 6967.1 -11.3 56 0 24.4 14.9 14.0 3.5 2 0 4 0 0
-5386.2 6957.5 -11.1 55 0 14.3 13.3 14.0 3.5 2 0 4 5 5
-6788.0 10880.0 -32.5 146 0 52.6 28.8 14.0 0.0 0 0 4 1 1
-6825.2 10804.3 -30.3 150 0 27.0 20.4 14.0 3.5 2 0 4 4 4
-6805.8 10775.2 -29.1 148 0 20.8 23.3 14.0 3.5 2 1 4 3 3
-6771.4 10723.5 -26.8 149 0 32.9 21.7 14.0 0.0 0 0 4 1 1
-6673.5 10637.9 -22.4 324 0 25.8 23.6 14.0 0.0 0 0 4 1 1
-6654.0 10572.0 -17.0 142 0 25.4 17.1 14.0 3.5 2 0 4 4 4
-6614.8 10522.3 -18.8 141 0 30.7 21.0 14.0 0.0 0 0 4 5 5
-6587.8 10468.3 -21.8 55 0 28.4 36.3 14.0 0.0 0 1 4 1 1
-6797.1 10373.9 -24.5 146 0 50.6 30.3 14.0 0.0 0 0 4 4 4
-6848.7 10337.7 -24.1 240 0 29.5 30.7 14.0 0.0 0 1 4 5 5
-6759.5 9913.4 -24.3 238 0 60.6 54.4 10.5 0.0 0 0 3 1 1
-3135.3 10023.7 -20.2 59 0 12.8 15.5 7.0 3.5 2 1 2 4 4
-3149.3 10015.0 -20.7 59 0 12.8 15.5 7.0 3.5 2 1 2 5 5
-3164.7 10005.7 -21.3 59 0 12.8 15.5 7.0 3.5 2 1 2 4 4
-2699.7 9847.9 -19.0 67 0 15.9 19.8 10.5 3.5 2 1 3 3 3
-6867.0 6595.5 -15.5 256 0 26.6 53.3 14.0 3.5 2 1 4 5 5
-6863.3 6367.1 -15.7 360 0 10.3 15.7 14.0 3.5 2 1 4 0 0
-4978.9 11227.8 -26.2 230 0 25.8 29.4 14.0 0.0 0 0 4 5 5
-4955.8 11246.8 -26.3 231 0 34.0 29.5 14.0 0.0 0 0 4 4 4
-4858.3 11314.5 -26.6 230 0 56.2 23.8 14.0 3.5 4 0 4 2 2
-3562.7 11019.9 -22.3 253 0 9.9 25.6 7.5 0.0 0 1 3 5 5
-4810.8 11351.7 -27.1 232 0 52.1 21.4 14.0 3.5 4 0 4 3 3
-4695.8 11497.4 -27.2 223 0 30.7 33.1 14.0 0.0 0 1 4 5 5
-3860.0 7707.9 -15.0 258 0 15.9 28.0 14.0 3.5 4 1 4 5 5
-1364.6 8565.0 -16.4 155 0 28.3 26.2 7.0 0.0 0 0 2 3 3
-1146.8 8182.8 -14.7 246 0 22.4 33.4 12.5 0.0 0 1 5 0 0
-5954.4 10275.9 -23.9 328 0 18.5 23.5 14.0 3.5 2 1 4 1 1
-5103.7 11000.6 -23.9 231 0 31.3 23.1 10.5 0.0 0 0 3 1 1
-5278.8 7509.7 -14.1 147 0 32.4 22.8 14.0 0.0 0 0 4 4 4
-5295.1 7535.1 -13.5 148 0 28.0 12.7 14.0 3.5 2 0 4 3 3
-5309.1 7557.9 -13.3 149 0 25.5 13.8 14.0 3.5 2 0 4 4 4
-5386.4 7707.6 -13.6 59 0 39.6 36.7 14.0 0.0 0 0 4 2 2
-5441.5 7759.1 -12.5 148 0 72.6 16.3 14.0 3.5 4 0 4 5 5
-5466.1 7797.6 -11.7 146 0 18.7 16.4 14.0 3.5 2 0 4 1 1
-5501.0 7851.1 -15.9 147 0 108.8 17.4 14.0 0.0 0 0 4 4 4
-4700.7 11324.8 -27.8 222 0 30.9 29.2 14.0 0.0 0 0 4 4 4
-4602.9 11438.8 -26.9 221 0 23.9 38.4 14.0 0.0 0 1 4 3 3
-4470.0 11596.0 -26.8 253 0 36.1 56.5 10.5 0.0 0 1 3 2 2
-5580.9 8001.0 -17.0 237 0 9.7 114.9 10.5 0.0 0 0 3 2 2
-5587.0 8013.1 -20.0 57 0 20.5 320.6 14.0 0.0 0 1 4 4 4
-5860.7 8408.0 -19.0 236 0 28.5 119.4 14.0 0.0 0 1 4 2 2
-5904.7 8470.7 -19.1 147 0 130.4 23.3 10.5 0.0 0 0 3 2 2
-5324.7 12593.9 -32.8 231 0 10.7 16.1 14.0 3.5 2 1 4 3 3
-5335.8 12551.3 -32.6 48 0 20.7 29.7 14.0 0.0 0 1 4 5 5
-5497.9 12568.6 -29.4 41 0 9.9 18.7 10.5 3.5 2 1 3 3 3
-5523.5 12560.3 -29.2 130 0 16.0 10.5 14.0 0.0 0 0 4 5 5
-5605.5 12598.6 -30.2 226 0 9.1 87.9 10.5 3.5 4 1 3 2 2
-5680.5 12503.7 -31.5 313 0 133.6 15.1 14.0 0.0 0 0 4 4 4
-3221.9 7880.3 -21.1 327 0 9.8 20.7 7.0 3.5 4 1 2 1 1
-3228.3 7894.4 -21.6 327 0 9.8 20.7 7.0 3.5 2 1 2 4 4
-3234.7 7908.4 -21.2 327 0 9.8 20.7 7.0 3.5 2 1 2 4 4
-3241.3 7922.2 -20.4 327 0 9.8 20.7 7.0 3.5 2 1 2 1 1
-3267.4 7928.6 -19.4 155 0 12.6 21.1 7.0 3.5 2 1 2 3 3
-3279.3 7954.9 -18.4 155 0 12.6 21.1 7.0 3.5 2 1 2 4 4
-3273.4 7941.7 -18.5 155 0 12.6 21.1 7.0 3.5 4 1 2 5 5
-2198.4 8321.1 -17.8 66 0 44.9 44.3 14.0 0.0 0 0 4 2 2
-673.3 5758.9 -3.0 147 0 28.5 113.6 15.0 0.0 0 1 6 2 2
-3532.8 10339.1 -19.5 150 0 20.7 29.6 7.0 0.0 0 1 2 3 3
-3896.1 9967.6 -15.5 140 0 8.6 24.8 7.0 3.5 2 1 2 3 3
-4155.3 10314.9 -19.0 231 0 19.2 9.4 7.0 3.5 2 0 2 3 3
-4020.0 11132.9 -21.5 143 0 12.1 22.2 7.0 3.5 2 1 2 0 0
-3993.0 11125.4 -21.6 38 0 22.4 10.5 7.0 3.5 2 0 2 5 5
-3089.1 7454.4 -13.8 65 0 13.6 25.7 10.5 3.5 2 1 3 0 0
-3535.9 11260.9 -23.9 218 0 79.4 36.5 14.0 0.0 0 0 4 2 2
-646.6 5818.7 -3.0 238 0 108.9 20.3 10.0 0.0 0 0 4 4 4
-656.7 5734.5 -2.8 146 0 25.0 113.4 7.5 0.0 0 1 3 0 0
-1160.2 5468.5 -5.4 57 0 27.5 27.4 7.5 0.0 0 0 3 4 4
-6905.5 11480.5 -28.9 62 0 18.3 13.8 14.0 0.0 0 0 4 1 1
-6118.1 11429.1 -30.6 236 0 15.9 17.7 10.5 3.5 2 1 3 2 2
-5859.6 10975.4 -31.1 56 0 20.6 20.2 14.0 3.5 4 0 4 0 0
-6014.2 11354.1 -29.6 142 0 15.6 16.0 14.0 3.5 2 1 4 2 2
-5694.8 12045.4 -30.5 340 0 20.2 11.5 10.5 3.5 2 0 3 1 1
-5651.2 12582.2 -31.1 43 0 92.5 10.6 14.0 3.5 4 0 4 1 1
-5701.3 12604.5 -29.8 300 0 9.8 32.2 10.5 0.0 0 1 3 2 2
-5846.8 12299.1 -31.8 223 0 14.0 18.1 14.0 3.5 2 1 4 0 0
-6059.1 12161.4 -28.5 239 0 9.2 20.7 10.5 3.5 2 1 3 5 5
-6819.7 11694.2 -30.2 239 0 18.4 18.1 14.0 3.5 2 0 4 2 2
-5838.7 11268.4 -30.5 55 0 17.6 11.8 10.0 2.5 2 0 4 4 4
-5684.9 12252.5 -31.4 48 0 12.7 16.0 14.0 3.5 2 1 4 4 4
-4052.0 7598.9 -12.9 244 0 14.3 54.6 14.0 3.5 2 1 4 4 4
-4051.0 7549.9 -18.9 336 0 18.4 97.7 14.0 0.0 0 1 4 4 4
-3099.3 6609.2 -2.7 148 0 26.5 40.3 14.0 0.0 0 1 4 4 4
-5368.1 12532.0 -31.9 53 0 13.8 12.9 14.0 3.5 2 0 4 1 1
-5308.0 12600.7 -32.7 234 0 16.9 10.2 14.0 3.5 2 0 4 0 0
-4615.2 12195.8 -24.6 341 0 23.8 19.4 14.0 3.5 2 0 4 0 0
-4259.6 540.2 4.6 74 0 30.2 26.2 10.0 0.0 0 0 4 3 3
-4154.7 162.3 2.4 71 0 25.9 22.9 10.0 2.5 2 0 4 2 2
-4677.0 6334.8 -9.9 347 0 24.1 19.0 14.0 0.0 0 0 4 1 1
-5394.2 7460.6 -13.5 328 0 28.0 34.2 14.0 0.0 0 1 4 1 1
-5422.3 7506.0 -13.4 329 0 31.1 21.1 14.0 0.0 0 0 4 2 2
-5438.6 7532.5 -13.3 328 0 31.0 24.7 14.0 0.0 0 0 4 2 2
-5463.6 7573.1 -13.2 328 0 64.5 37.7 14.0 0.0 0 0 4 4 4
-5593.2 7700.4 -15.1 149 0 27.5 30.2 14.0 0.0 0 0 4 1 1
-5607.2 7788.6 -14.8 327 0 137.3 19.3 14.0 0.0 0 0 4 1 1
-5725.4 7956.2 -14.2 238 0 18.8 136.2 14.0 0.0 0 0 4 2 2
-5802.7 8052.4 -15.1 328 0 243.9 15.4 14.0 0.0 0 0 4 2 2
-5914.9 8205.0 -12.3 57 0 26.8 14.2 14.0 3.5 2 0 4 0 0
-6038.8 8370.0 -15.7 147 0 120.2 25.9 14.0 0.0 0 0 4 4 4
-6057.7 8447.4 -15.8 329 0 25.4 25.1 14.0 0.0 0 0 4 3 3
-6091.4 8498.2 -15.4 328 0 88.3 24.8 14.0 0.0 0 0 4 4 4
-6204.9 8627.7 -12.0 146 0 30.3 25.4 14.0 0.0 0 0 4 1 1
-6219.9 8657.1 -11.7 150 0 25.5 22.0 14.0 3.5 2 0 4 5 5
-6265.9 8733.7 -11.8 147 0 142.3 18.2 14.0 0.0 0 0 4 0 0
-4642.7 6565.7 -10.5 238 0 20.4 121.1 14.0 0.0 0 1 4 5 5
-4706.3 6624.9 -9.9 149 0 81.2 35.7 10.5 0.0 0 0 3 2 2
-4738.8 6677.4 -10.2 148 0 42.8 14.6 10.5 3.5 2 0 3 3 3
-4762.0 6714.7 -10.9 148 0 45.1 34.7 10.5 0.0 0 0 3 1 1
-4823.4 6813.5 -11.2 147 0 83.6 15.0 10.5 3.5 2 0 3 3 3
-5225.7 7428.0 -16.8 148 0 61.8 33.4 10.5 0.0 0 0 3 5 5
-5353.7 7801.0 -13.5 263 0 30.3 36.4 14.0 0.0 0 1 4 5 5
-6886.9 4281.2 -8.1 95 0 15.7 14.6 3.5 3.5 2 0 1 4 4
-5624.7 2716.6 3.6 72 0 9.1 12.6 5.0 2.5 2 1 2 0 0
-6708.5 6458.9 -13.6 165 0 15.0 18.2 14.0 3.5 2 1 4 4 4
-6693.7 6939.5 -15.1 256 0 10.5 15.8 10.5 3.5 2 1 3 5 5
-6322.6 7122.8 -17.0 344 0 13.7 17.9 14.0 3.5 2 1 4 2 2
-6033.8 7501.7 -16.8 252 0 35.0 59.0 14.0 0.0 0 1 4 0 0
-5708.8 5949.1 -7.1 360 0 14.0 6.9 10.5 3.5 2 0 3 5 5
-4826.1 6533.8 -8.0 152 0 45.3 24.5 14.0 0.0 0 0 4 4 4
-5470.3 6187.4 -10.0 359 0 9.5 20.0 10.5 0.0 0 1 3 3 3
-5485.3 6206.3 -10.6 270 0 9.6 11.4 10.5 3.5 2 1 3 0 0
-5470.1 6308.7 -10.2 358 0 13.4 28.8 14.0 0.0 0 1 4 0 0
-5688.7 5927.5 -6.3 178 0 6.8 11.8 10.5 0.0 0 0 3 2 2
-5689.0 5941.9 -6.7 179 0 21.9 11.8 14.0 3.5 4 0 4 2 2
-5690.2 6001.2 -7.6 181 0 22.6 8.3 10.5 3.5 2 0 3 3 3
-5690.0 6038.1 -7.8 180 0 23.2 8.6 10.5 3.5 2 0 3 3 3
-5632.0 6052.0 -7.9 270 1 23.3 10.5 14.0 3.5 2 0 4 0 0
-5609.1 6051.0 -8.5 269 0 5.9 7.9 10.5 3.5 2 1 3 1 1
-5438.9 6109.3 -7.4 179 0 7.9 6.3 10.5 3.5 2 0 3 5 5
-5439.5 6118.4 -7.3 180 0 5.9 4.4 10.5 3.5 4 0 3 5 5
-5410.8 6141.3 -8.1 1 0 17.3 28.0 14.0 3.5 2 1 4 4 4
-5961.6 8126.7 -12.8 241 0 26.2 29.3 14.0 0.0 0 1 4 0 0
-5919.4 8144.6 -10.1 242 0 21.1 11.8 14.0 0.0 0 0 4 5 5
-5889.2 8158.8 -12.3 236 0 28.6 16.0 14.0 3.5 2 0 4 5 5
-5752.1 6608.6 -12.0 57 0 17.1 16.3 10.5 0.0 0 0 3 3 3
-5692.8 6371.2 -14.2 180 0 15.6 9.7 10.5 3.5 2 0 3 0 0
-5303.6 6070.6 -6.7 92 0 5.8 8.6 10.5 3.5 2 1 3 2 2
-5140.7 6132.2 -7.7 270 0 15.5 25.1 14.0 3.5 2 1 4 4 4
-5327.7 5927.6 -6.3 175 0 7.3 9.4 10.5 3.5 2 1 3 0 0
-5550.2 5957.0 -7.1 1 0 11.6 19.2 14.0 3.5 2 0 4 2 2
-5571.9 5963.0 -7.1 270 0 5.0 11.6 10.5 0.0 0 0 3 4 4
-5610.9 5948.8 -6.7 177 0 5.8 22.4 10.5 3.5 2 1 3 4 4
-5488.5 5752.3 -9.5 87 0 21.2 8.9 10.5 0.0 0 0 3 1 1
-5038.3 6381.1 -9.3 357 0 16.2 16.2 14.0 3.5 4 1 4 2 2
-5164.9 6614.6 -7.1 241 0 9.6 17.7 10.5 3.5 2 1 3 4 4
-5250.7 6771.2 -8.1 239 0 9.1 19.3 10.5 3.5 2 1 3 5 5
-4609.3 6192.6 -5.8 181 0 23.1 7.8 10.5 3.5 2 0 3 1 1
-6117.5 8047.6 -16.4 237 0 15.7 22.8 10.5 3.5 2 1 3 1 1
-5684.6 6194.2 -10.1 172 0 22.6 31.1 14.0 0.0 0 1 4 0 0
-5503.6 6212.6 -10.7 268 0 9.2 8.8 10.5 3.5 2 0 3 5 5
-5543.4 6211.4 -10.2 270 0 6.9 10.4 10.5 0.0 0 1 3 5 5
-5380.3 6175.5 -8.7 265 0 17.2 21.8 14.0 0.0 0 1 4 3 3
-5363.2 6025.1 -6.5 91 0 8.6 23.4 10.5 3.5 2 1 3 3 3
-5285.5 6051.0 -7.2 272 0 5.8 9.8 10.5 3.5 2 1 3 4 4
-6266.8 7974.2 -14.2 245 0 65.2 17.0 14.0 3.5 2 0 4 4 4
-6212.1 7996.4 -13.6 187 0 21.3 32.7 10.5 0.0 0 1 3 4 4
-6186.2 8011.9 -14.1 242 0 17.0 30.8 10.5 3.5 2 1 3 0 0
-6164.9 8025.7 -15.0 243 0 29.2 26.9 10.5 0.0 0 0 3 1 1
-6067.4 8073.9 -17.2 240 0 25.6 13.1 14.0 3.5 2 0 4 3 3
-6012.9 8098.9 -16.6 243 0 87.3 11.1 14.0 3.5 2 0 4 2 2
-5139.5 5997.0 -7.5 88 0 23.7 24.0 14.0 3.5 2 1 4 3 3
-5089.8 6176.1 -7.0 179 0 18.5 8.2 10.5 0.0 0 0 3 1 1
-5089.7 6197.1 -7.2 178 0 9.4 8.5 10.5 3.5 2 0 3 1 1
-5435.5 5891.4 -8.1 90 0 7.9 9.0 10.5 3.5 2 1 3 2 2
-5494.7 5992.9 -10.1 89 0 11.8 10.2 14.0 3.5 2 0 4 0 0
-5628.4 5931.4 -6.1 359 0 14.7 10.2 14.0 3.5 2 0 4 3 3
-5086.0 5788.4 -6.8 180 0 13.2 24.5 10.5 3.5 2 1 3 4 4
-4973.3 5812.0 -7.7 272 0 20.1 20.5 14.0 3.5 2 1 4 5 5
-4874.3 5811.9 -3.2 271 0 19.4 9.8 10.5 0.0 0 0 3 0 0
-4868.5 5770.4 -5.1 350 0 21.7 16.7 14.0 3.5 2 0 4 4 4
-5006.5 6032.1 -7.1 174 0 33.4 25.7 14.0 0.0 0 0 4 3 3
-5002.0 6213.8 -9.4 270 0 6.7 25.5 10.5 3.5 2 1 3 2 2
-4973.5 6214.2 -9.8 266 0 14.0 8.6 10.5 3.5 2 0 3 0 0
-4961.3 6214.6 -9.0 270 0 16.7 21.2 14.0 3.5 2 0 4 3 3
-4642.4 6235.8 -10.2 88 0 12.6 31.8 14.0 3.5 2 0 4 4 4
-4630.1 6195.8 -6.6 360 0 22.9 19.2 14.0 3.5 2 0 4 3 3
-5524.1 7656.9 -15.0 327 0 50.6 26.5 14.0 0.0 0 0 4 5 5
-5349.7 7354.3 -12.5 148 0 62.1 19.0 14.0 3.5 2 0 4 1 1
-5253.8 7265.9 -12.8 328 0 25.4 27.2 14.0 0.0 0 1 4 1 1
-5230.0 7241.1 -12.9 326 0 36.8 12.3 14.0 3.5 2 0 4 3 3
-4413.0 5941.8 -3.5 270 0 12.0 24.7 10.5 3.5 2 0 3 4 4
-4390.4 5899.2 -3.7 1 0 13.1 26.8 10.5 3.5 4 0 3 1 1
-4423.1 5952.8 -2.9 270 0 8.0 13.3 10.5 3.5 2 0 3 3 3
-4390.9 5879.3 -4.0 0 0 23.5 26.3 10.5 0.0 0 0 3 3 3
-4391.0 5855.4 -4.5 0 0 24.1 26.4 10.5 0.0 0 0 3 5 5
-4391.1 5831.3 -5.2 1 0 24.3 26.5 10.5 0.0 0 0 3 4 4
-4391.1 5799.4 -5.4 360 0 39.7 20.0 10.5 0.0 0 0 3 1 1
-4500.1 5756.3 -4.5 90 0 5.7 10.8 10.5 3.5 4 1 3 4 4
-5429.2 6893.7 -10.7 146 0 7.7 11.1 10.5 3.5 2 1 3 4 4
-5496.1 6841.2 -9.9 235 0 13.3 7.1 10.5 0.0 0 0 3 5 5
-5558.4 6791.7 -9.8 236 1 11.5 14.3 14.0 3.5 2 1 4 4 4
-6275.6 8025.4 -12.9 340 0 12.6 39.0 14.0 3.5 2 1 4 1 1
-6229.9 8053.0 -14.5 158 0 14.5 28.3 14.0 3.5 2 1 4 1 1
-6198.1 2778.3 -0.3 74 0 22.0 38.9 12.5 2.5 2 1 5 0 0
-6394.2 8001.2 -14.7 170 0 27.0 20.3 14.0 3.5 2 0 4 2 2
-6055.2 7789.5 -13.6 355 0 22.9 15.3 14.0 3.5 2 0 4 3 3
-5507.2 7422.0 -16.2 58 0 22.2 27.3 14.0 0.0 0 1 4 2 2
-5822.5 7021.4 -9.3 85 0 16.5 22.6 10.5 3.5 2 1 3 5 5
-6693.5 8585.3 -15.6 76 0 17.5 22.1 14.0 3.5 2 1 4 4 4
-6144.3 8580.8 -14.7 327 0 108.2 25.2 14.0 0.0 0 0 4 0 0
-6009.2 8160.5 -13.1 55 0 42.0 20.4 14.0 3.5 2 0 4 0 0
-6889.6 7724.2 -16.7 248 0 32.3 15.5 14.0 3.5 2 0 4 5 5
-6855.7 7742.0 -16.0 249 0 35.0 15.9 14.0 3.5 2 0 4 3 3
-6823.1 7753.9 -15.9 248 0 31.5 15.1 14.0 3.5 2 0 4 3 3
-6151.0 8100.7 -15.3 153 0 23.8 66.5 14.0 3.5 2 1 4 2 2
-6334.9 8003.4 -13.5 159 0 12.9 22.0 14.0 3.5 4 1 4 2 2
-6417.0 7979.2 -13.3 338 0 28.7 25.8 14.0 0.0 0 0 4 1 1
-6476.2 7942.4 -11.3 339 0 10.4 28.1 14.0 3.5 2 0 4 2 2
-6530.3 7921.1 -11.5 158 0 10.4 30.0 14.0 3.5 2 0 4 2 2
-6542.8 7898.2 -12.3 72 0 14.3 9.7 10.5 3.5 2 0 3 4 4
-6614.7 7898.1 -15.3 340 0 21.1 31.2 14.0 0.0 0 1 4 5 5
-6684.6 7876.3 -14.7 339 0 56.4 29.0 14.0 0.0 0 0 4 0 0
-6734.0 7845.2 -15.0 159 0 13.2 28.2 14.0 0.0 0 0 4 2 2
-6810.0 7226.6 -15.1 86 0 15.8 19.6 10.5 3.5 2 1 3 1 1
-6363.7 7633.1 -14.9 173 0 18.5 20.2 14.0 0.0 0 1 4 2 2
-6209.8 7479.1 -12.6 240 0 18.9 18.3 14.0 3.5 2 0 4 4 4
-5991.7 7539.7 -14.0 149 0 14.3 14.6 14.0 3.5 2 1 4 3 3
-4897.7 5334.0 -7.1 181 0 13.7 7.4 10.5 3.5 2 0 3 4 4
-4898.3 5419.4 -7.5 182 0 14.4 7.1 10.5 0.0 0 0 3 1 1
-4897.9 5437.0 -6.8 180 0 20.8 7.1 10.5 3.5 2 0 3 3 3
-5026.0 5471.0 -8.1 173 0 39.4 48.8 14.0 0.0 0 1 4 0 0
-5031.1 5542.2 -5.0 94 0 7.6 9.9 10.5 3.5 2 1 3 1 1
-4934.6 5267.0 -4.9 271 0 10.6 6.5 10.5 3.5 2 0 3 1 1
-4902.2 5268.3 -4.8 271 0 14.3 8.3 10.5 3.5 2 0 3 5 5
-5290.3 5435.4 -7.8 272 0 12.2 7.7 10.5 3.5 2 0 3 2 2
-5309.3 5392.5 -7.6 179 0 15.4 8.0 10.5 3.5 2 0 3 1 1
-5310.0 5369.5 -7.4 180 0 15.8 5.8 10.5 3.5 2 0 3 5 5
-5384.4 5593.8 -7.4 269 0 30.4 22.9 10.5 0.0 0 0 3 0 0
-5758.1 5514.6 -9.4 20 0 12.7 17.7 14.0 3.5 4 1 4 0 0
-5776.9 5567.1 -9.8 179 0 68.7 13.8 14.0 3.5 2 0 4 5 5
-5801.6 5607.2 -10.5 270 0 23.8 39.8 14.0 0.0 0 1 4 0 0
-5473.7 5506.5 -11.3 267 0 23.9 14.9 14.0 3.5 2 0 4 1 1
-5210.3 5333.5 -7.0 179 0 10.4 7.4 10.5 3.5 2 0 3 4 4
-5240.0 5465.8 -7.0 44 0 6.8 7.1 10.5 3.5 2 1 3 1 1
-5298.0 5462.7 -8.1 91 0 11.7 6.9 10.5 3.5 2 0 3 2 2
-5298.6 5603.8 -7.0 270 0 12.0 18.2 10.5 3.5 4 1 3 0 0
-5426.1 5433.3 -10.2 180 0 34.5 14.9 14.0 3.5 2 0 4 2 2
-5426.6 5478.0 -10.3 180 0 35.9 16.2 14.0 3.5 2 0 4 5 5
-5239.2 5293.4 -7.9 0 0 12.2 6.8 10.5 0.0 0 0 3 0 0
-5238.9 5270.7 -9.0 3 0 9.8 7.9 10.5 3.5 2 0 3 2 2
-6002.2 5146.3 -11.4 269 0 13.5 11.0 14.0 3.5 4 0 4 3 3
-6056.4 5145.2 -11.2 271 0 9.7 14.1 10.5 3.5 2 1 3 3 3
-6073.5 5147.0 -11.1 270 0 14.5 18.1 14.0 3.5 2 1 4 0 0
-6334.4 5210.2 -8.8 181 0 24.7 16.0 14.0 3.5 2 0 4 2 2
-5980.8 5177.7 -11.2 73 0 18.7 27.2 10.5 3.5 2 1 3 1 1
-5203.9 2394.8 1.7 331 0 28.3 14.2 7.5 0.0 0 0 3 5 5
-6789.0 7766.8 -15.9 250 0 41.4 15.1 14.0 3.5 2 0 4 4 4
-6375.2 8276.9 -16.6 250 0 246.1 33.5 10.5 0.0 0 0 3 1 1
5912.2 -1129.8 3.0 122 0 13.4 64.9 7.5 2.5 2 1 3 1 1
6066.1 -1110.0 1.2 303 0 122.2 18.5 12.5 0.0 0 0 5 4 4
-5905.6 11683.5 -29.7 57 1 12.8 10.7 14.0 3.5 4 0 4 4 4
-5086.0 9338.1 -19.7 317 0 41.0 20.9 3.5 0.0 0 0 1 2 2
2302.4 8078.1 -9.5 236 0 76.1 24.6 7.5 0.0 0 0 3 4 4
-296.4 8917.3 -11.9 239 0 50.1 29.9 12.5 0.0 0 0 5 3 3
-855.2 12577.3 -25.6 154 0 31.6 30.6 3.5 0.0 0 0 1 4 4
-796.2 12299.6 -25.5 63 0 20.9 21.2 14.0 3.5 2 1 4 5 5
-778.8 12315.6 -25.3 65 0 14.5 15.1 14.0 3.5 2 1 4 1 1
758.6 597.3 6.0 328 0 138.0 121.4 10.0 0.0 0 0 4 5 5
1139.9 1286.0 6.6 58 0 138.8 142.5 12.5 0.0 0 1 5 5 5
-4828.8 590.2 4.7 248 0 83.0 121.7 12.5 0.0 0 1 5 5 5
-5245.5 1921.9 1.4 62 0 173.9 108.8 15.0 0.0 0 0 6 0 0
-5576.6 5552.2 -10.3 0 0 38.3 57.6 14.0 0.0 0 1 4 3 3
842.8 7757.5 -10.1 325 0 48.7 36.1 7.5 0.0 0 0 3 4 4
770.5 7721.2 -9.7 147 0 75.0 39.4 10.0 0.0 0 0 4 5 5
720.8 7797.4 -9.6 147 0 85.3 82.7 10.0 0.0 0 0 4 4 4
854.2 8012.9 -11.3 327 0 18.6 45.9 10.0 2.5 2 1 4 0 0
903.3 7943.3 -11.4 327 0 110.6 59.4 7.5 0.0 0 0 3 2 2
884.9 8140.4 -13.9 237 0 40.9 38.9 15.0 0.0 0 0 6 1 1
926.1 8066.0 -14.1 147 0 52.4 26.5 7.5 0.0 0 0 3 0 0
949.5 7993.5 -13.3 147 0 25.5 47.6 10.0 0.0 0 1 4 2 2
965.0 8153.6 -13.9 328 0 36.1 31.1 10.0 0.0 0 0 4 1 1
909.3 8520.0 -13.4 328 0 25.0 46.1 10.0 0.0 0 1 4 5 5
937.6 8471.7 -13.2 327 0 21.0 45.1 10.0 2.5 2 1 4 4 4
873.6 8577.0 -13.7 327 0 38.9 47.4 7.5 0.0 0 1 3 2 2
652.4 8360.2 -13.5 326 0 30.1 46.6 7.5 0.0 0 1 3 0 0
775.4 8436.2 -13.1 327 0 40.4 80.1 12.5 0.0 0 1 5 3 3
453.3 8219.7 -9.2 148 0 35.3 51.6 7.5 0.0 0 1 3 5 5
548.0 8221.7 -10.1 328 0 39.4 81.2 7.5 0.0 0 1 3 0 0
556.4 8326.1 -13.0 147 0 22.6 44.3 10.0 0.0 0 1 4 0 0
434.8 7963.7 -10.1 147 0 16.1 48.8 10.0 2.5 2 1 4 3 3
524.4 8017.0 -9.8 326 0 23.4 44.4 10.0 0.0 0 1 4 5 5
575.3 7750.4 -9.6 147 0 17.9 46.0 10.0 2.5 2 1 4 2 2
541.3 7807.8 -9.6 148 0 37.9 44.7 10.0 0.0 0 1 4 5 5
384.9 7770.6 -9.1 147 0 24.0 99.8 7.5 0.0 0 1 3 5 5
272.9 7855.6 -9.3 328 0 22.2 47.0 12.5 2.5 2 1 5 2 2
230.5 7779.6 -10.1 58 0 44.3 23.0 10.0 0.0 0 0 4 0 0
336.7 7754.6 -9.2 328 0 50.2 45.5 7.5 0.0 0 0 3 0 0
167.3 7834.0 -11.7 148 0 39.5 46.6 12.5 0.0 0 1 5 2 2
230.9 7882.9 -9.8 326 0 51.7 25.2 10.0 2.5 2 0 4 5 5
50.9 8203.4 -10.9 327 0 59.7 92.1 10.0 0.0 0 1 4 3 3
41.9 8076.1 -9.7 238 0 35.4 19.7 7.5 0.0 0 0 3 1 1
-369.3 6476.4 -1.7 147 0 24.5 14.5 7.5 2.5 2 0 3 3 3
-411.8 6534.2 -2.0 147 0 7.7 11.7 7.5 2.5 2 1 3 4 4
-392.3 6539.5 -1.7 147 0 10.4 25.9 12.5 2.5 2 1 5 5 5
-385.5 6504.4 -1.8 147 0 10.1 10.7 2.5 2.5 2 1 1 0 0
-375.5 6511.7 -1.6 147 0 10.9 25.9 7.5 0.0 0 1 3 2 2
-371.8 6501.3 -1.6 147 0 6.1 29.6 5.0 2.5 2 1 2 3 3
-344.1 6491.1 -1.3 147 0 25.1 13.4 7.5 2.5 2 0 3 4 4
-352.9 6487.6 -1.4 147 0 28.7 4.5 7.5 2.5 2 0 3 4 4
-456.4 6779.2 -4.1 327 0 21.1 24.8 10.0 2.5 2 1 4 0 0
-439.6 6750.5 -3.6 327 0 18.3 32.1 7.5 2.5 2 1 3 1 1
-428.9 6735.1 -3.0 327 0 6.6 9.9 2.5 2.5 2 1 1 1 1
-438.6 6727.5 -3.5 327 0 7.0 21.8 5.0 2.5 2 1 2 4 4
-417.9 6722.0 -2.8 327 0 8.5 7.5 7.5 2.5 2 0 3 3 3
-425.7 6716.3 -3.5 327 0 9.4 27.8 7.5 2.5 2 1 3 4 4
-417.9 6710.5 -3.7 327 0 5.3 40.6 5.0 2.5 2 1 2 5 5
-410.4 6700.5 -3.6 327 0 10.2 36.7 10.0 2.5 2 1 4 0 0
-395.9 6695.1 -2.6 327 0 4.7 6.1 7.5 2.5 2 1 3 0 0
-414.7 6685.4 -3.6 327 0 5.9 26.9 7.5 2.5 2 1 3 1 1
-378.7 6660.5 -3.3 327 0 30.8 43.3 12.5 0.0 0 1 5 4 4
-363.5 6623.1 -2.4 327 0 22.4 34.1 10.0 0.0 0 1 4 2 2
-348.0 6598.6 -2.0 327 0 20.8 34.5 10.0 0.0 0 1 4 2 2
-321.9 6561.5 -2.1 327 0 52.0 34.4 12.5 0.0 0 0 5 3 3
-299.2 6520.4 -1.5 327 0 24.5 22.5 10.0 2.5 2 0 4 3 3
-288.8 6483.4 -1.1 57 0 23.4 19.8 10.0 0.0 0 0 4 5 5
-4249.8 5989.5 -17.7 327 0 152.8 36.3 14.0 0.0 0 0 4 1 1
-4860.7 6870.4 -11.2 146 0 49.7 35.2 10.5 0.0 0 0 3 0 0
4270.2 2351.3 5.7 147 0 67.2 64.2 10.0 0.0 0 0 4 2 2
4414.3 2352.1 5.5 57 0 85.0 101.0 7.5 0.0 0 1 3 5 5
4431.3 2268.7 7.3 238 0 61.1 101.6 7.5 0.0 0 1 3 2 2
4195.4 2600.9 3.7 56 0 80.8 83.4 12.5 0.0 0 1 5 2 2
4043.6 2671.2 4.1 147 0 84.1 31.1 10.0 0.0 0 0 4 5 5
4277.5 2656.3 3.7 56 0 78.1 84.1 10.0 0.0 0 1 4 2 2
3669.3 5471.6 -5.0 237 0 36.4 20.9 15.0 0.0 0 0 6 1 1
3618.2 5441.3 -3.1 238 0 43.4 25.3 10.0 0.0 0 0 4 4 4
3570.7 5411.1 -2.9 238 0 43.4 25.3 12.5 0.0 0 0 5 2 2
3509.0 5372.8 -4.2 238 0 43.4 25.3 10.0 0.0 0 0 4 0 0
3460.3 5342.7 -3.9 238 0 43.4 25.3 12.5 0.0 0 0 5 5 5
3400.2 5305.0 -3.3 238 0 43.4 25.3 7.5 0.0 0 0 3 2 2
3350.9 5273.9 -2.8 238 0 43.4 25.3 10.0 0.0 0 0 4 3 3
3240.2 5203.2 -1.6 238 0 43.4 25.3 7.5 0.0 0 0 3 0 0
3177.6 5165.8 -1.0 238 0 43.4 25.3 10.0 0.0 0 0 4 4 4
3128.8 5134.1 -0.5 238 0 43.4 25.3 12.5 0.0 0 0 5 2 2
3068.5 5095.1 0.1 238 0 43.4 25.3 10.0 0.0 0 0 4 1 1
2908.7 4995.8 1.4 238 0 43.4 25.3 7.5 0.0 0 0 3 1 1
2800.6 4928.1 -0.4 238 0 43.5 25.3 10.0 0.0 0 0 4 2 2
2642.8 4827.6 0.0 238 0 43.4 25.3 12.5 0.0 0 0 5 3 3
2582.2 4787.9 -0.1 238 0 43.4 25.3 10.0 0.0 0 0 4 5 5
2534.6 4758.5 0.2 238 0 43.4 25.3 10.0 0.0 0 0 4 1 1
2472.0 4720.9 1.3 238 0 43.4 25.3 12.5 0.0 0 0 5 0 0
2421.7 4688.8 1.3 238 0 43.4 25.3 10.0 0.0 0 0 4 5 5
2204.1 4551.3 0.6 238 0 43.4 25.3 10.0 0.0 0 0 4 3 3
2144.2 4512.3 -0.3 238 0 43.4 25.3 10.0 0.0 0 0 4 4 4
2092.5 4482.3 -0.5 238 0 43.4 25.3 12.5 0.0 0 0 5 5 5
2448.8 4514.1 3.3 147 0 45.1 90.6 10.0 0.0 0 1 4 4 4
2247.6 3104.8 0.3 328 0 40.1 45.7 10.0 0.0 0 1 4 5 5
2223.8 3143.3 1.2 328 0 40.2 45.7 12.5 0.0 0 1 5 5 5
2198.0 3181.9 1.8 328 0 40.2 45.7 7.5 0.0 0 1 3 1 1
2174.6 3219.4 2.9 328 0 40.2 45.7 12.5 0.0 0 1 5 3 3
2149.3 3259.2 3.0 328 0 40.1 45.7 10.0 0.0 0 1 4 1 1
2124.7 3296.1 3.1 328 0 40.2 45.7 10.0 0.0 0 1 4 4 4
2099.5 3335.3 2.4 328 0 40.1 45.7 12.5 0.0 0 1 5 1 1
2036.9 3350.0 2.3 148 0 40.2 45.7 15.0 0.0 0 1 6 3 3
2303.1 3142.7 0.3 328 0 40.2 45.7 12.5 0.0 0 1 5 2 2
2279.1 3180.1 0.5 328 0 40.1 45.7 10.0 0.0 0 1 4 4 4
2254.5 3218.2 0.8 328 0 40.2 45.7 5.0 0.0 0 1 2 2 2
2231.0 3255.0 1.0 328 0 40.2 45.7 7.5 0.0 0 1 3 3 3
2205.2 3295.5 1.1 328 0 40.2 45.7 7.5 0.0 0 1 3 4 4
2180.6 3331.7 1.1 328 0 40.2 45.7 12.5 0.0 0 1 5 1 1
2155.4 3369.8 1.6 328 0 40.2 45.7 12.5 0.0 0 1 5 1 1
2130.1 3407.8 1.8 328 0 40.1 45.7 7.5 0.0 0 1 3 5 5
3246.1 5898.4 -5.2 57 0 43.5 8.5 7.5 0.0 0 0 3 1 1
3219.0 5900.4 -5.0 147 0 8.5 43.4 7.5 2.5 2 1 3 4 4
3211.7 5910.5 -4.7 147 0 8.5 43.4 7.5 2.5 4 1 3 4 4
3205.6 5920.1 -4.5 147 0 8.5 43.4 7.5 2.5 2 1 3 5 5
3289.1 5926.3 -5.8 57 0 43.4 8.5 7.5 2.5 2 0 3 1 1
3283.0 5936.5 -5.5 57 0 43.4 8.5 7.5 2.5 2 0 3 1 1
3276.6 5945.8 -5.2 57 0 43.4 8.5 7.5 2.5 2 0 3 2 2
3270.2 5955.9 -5.0 57 0 43.4 8.5 7.5 2.5 2 0 3 5 5
3198.0 5972.6 -3.6 237 0 43.4 8.5 7.5 2.5 2 0 3 5 5
3188.5 5946.8 -3.8 147 0 8.5 43.5 7.5 0.0 0 1 3 4 4
3229.3 5993.2 -4.4 237 0 18.8 39.6 10.0 2.5 2 1 4 1 1
3247.7 6003.5 -4.4 236 0 9.4 36.9 7.5 2.5 2 1 3 3 3
3259.3 6010.9 -4.8 236 0 9.4 36.9 7.5 0.0 0 1 3 1 1
-1359.9 12103.6 -31.3 65 0 52.2 81.6 14.0 0.0 0 1 4 5 5
-886.9 8443.7 -15.4 155 0 743.0 27.9 14.0 0.0 0 0 4 4 4
1354.7 -5313.2 12.1 246 0 35.2 55.5 12.5 0.0 0 1 5 1 1
412.5 313.8 6.3 74 0 34.8 54.9 10.0 0.0 0 1 4 2 2
