3955.2 4325.8 -6.7 89 0 15.4 17.0 5.0 2.5 2 1 2 0 0
4088.0 4170.1 -7.1 89 0 6.7 35.3 7.5 2.5 2 1 3 3 3
3979.0 4276.2 -7.3 180 0 78.6 13.5 5.0 2.5 2 0 2 0 0
3954.5 4235.3 -7.0 270 0 14.2 14.2 7.5 2.5 2 1 3 2 2
3878.8 4346.6 -6.2 87 0 24.3 16.9 10.0 2.5 2 0 4 2 2
3961.6 4192.6 -7.0 359 0 19.8 8.4 5.0 2.5 2 0 2 2 2
3911.6 4317.8 -6.6 259 0 14.0 19.5 7.5 2.5 4 1 3 0 0
3912.1 4244.0 -6.7 93 0 14.4 20.2 10.0 0.0 0 1 4 3 3
3943.0 4172.4 -6.9 91 0 22.5 7.7 7.5 2.5 2 0 3 4 4
5370.7 -10390.3 -0.7 360 0 17.0 12.3 7.5 2.5 2 0 3 0 0
5353.2 -9507.8 0.2 360 0 49.0 37.9 10.0 0.0 0 0 4 5 5
5415.1 -9817.2 0.8 90 0 6.6 19.0 7.5 2.5 2 1 3 4 4
5445.8 -10108.8 -2.0 90 0 21.7 101.7 10.0 0.0 0 1 4 3 3
5514.7 -9798.8 -1.8 270 0 6.8 18.9 5.0 2.5 2 1 2 3 3
5346.2 -10108.1 -1.7 90 0 21.1 100.2 7.5 0.0 0 1 3 0 0
5495.0 -9676.8 0.5 270 0 6.7 19.1 7.5 2.5 2 1 3 1 1
5596.0 -10108.0 -2.4 90 0 20.8 100.1 12.5 0.0 0 1 5 4 4
5455.2 -9817.1 0.2 90 0 6.5 19.0 5.0 2.5 2 1 2 2 2
5495.8 -10108.8 -2.1 90 0 21.8 101.4 7.5 0.0 0 1 3 4 4
5429.9 -10443.5 -2.1 90 0 32.6 41.9 7.5 0.0 0 1 3 3 3
5452.2 -9685.5 1.3 180 0 18.6 6.4 7.5 2.5 2 0 3 5 5
5461.8 -10232.3 -1.2 90 0 26.2 19.1 10.0 2.5 2 0 4 3 3
5494.6 -9817.5 -1.4 90 0 6.7 19.5 2.5 2.5 2 1 1 0 0
5396.0 -10108.3 -2.0 90 0 22.2 100.5 10.0 0.0 0 1 4 1 1
5379.3 -10389.4 -0.9 360 0 17.5 6.5 7.5 2.5 4 0 3 2 2
5286.5 -10075.6 -2.0 271 0 6.4 25.9 7.5 2.5 2 1 3 4 4
4926.8 -10063.9 0.0 360 0 54.3 30.8 7.5 0.0 0 0 3 1 1
5514.8 -9676.4 -0.8 270 0 7.0 19.2 2.5 2.5 2 1 1 2 2
5546.1 -10108.3 -2.3 90 0 21.2 100.8 10.0 0.0 0 1 4 3 3
5474.8 -9817.3 -0.6 90 0 6.8 18.9 7.5 2.5 2 1 3 5 5
5376.0 -10421.7 -1.1 360 0 38.2 23.8 10.0 0.0 0 0 4 3 3
5276.6 -9484.0 0.9 270 0 32.5 85.8 7.5 0.0 0 1 3 0 0
-1405.3 -12533.9 -18.0 314 0 18.9 6.7 7.5 2.5 2 0 3 0 0
-1411.4 -12525.0 -18.1 44 0 8.4 9.3 7.5 2.5 2 1 3 5 5
-1438.9 -12532.7 -18.1 154 0 13.4 18.7 5.0 0.0 0 1 2 4 4
-1791.8 -12512.6 -12.7 44 0 4.1 10.0 5.0 2.5 2 1 2 1 1
-1822.2 -12505.3 -13.9 224 0 10.7 10.3 5.0 0.0 0 0 2 5 5
-1630.5 -12369.9 -18.9 224 0 4.6 15.9 7.5 2.5 2 1 3 1 1
-1618.5 -12460.4 -19.3 133 0 22.5 8.3 7.5 2.5 2 0 3 2 2
-1571.8 -12532.8 -18.1 314 0 12.6 7.1 7.5 0.0 0 0 3 4 4
-1562.5 -12526.6 -18.4 134 0 6.6 11.9 7.5 2.5 2 1 3 0 0
-1655.1 -12461.8 -18.8 134 0 16.4 5.0 7.5 2.5 2 0 3 4 4
-1668.5 -12450.2 -18.8 134 0 6.6 7.0 7.5 2.5 2 1 3 3 3
-2609.3 -11827.6 -19.8 223 0 5.3 8.8 5.0 2.5 2 1 2 0 0
-2726.0 -11666.4 -18.9 313 0 4.8 6.8 7.5 2.5 4 1 3 1 1
-2754.5 -11685.3 -19.4 134 0 3.8 9.2 5.0 0.0 0 1 2 0 0
-2780.2 -11661.4 -19.8 134 0 3.1 10.2 7.5 2.5 2 1 3 3 3
-2786.0 -11563.3 -19.7 224 0 3.6 9.7 5.0 2.5 4 1 2 0 0
-2759.9 -11584.6 -19.5 44 0 10.6 6.6 5.0 0.0 0 0 2 5 5
-2757.5 -11533.8 -19.5 223 0 3.9 6.4 7.5 2.5 2 1 3 1 1
-2761.6 -11537.6 -19.4 223 0 3.1 10.1 2.5 0.0 0 1 1 3 3
-2726.1 -11551.7 -19.3 224 0 11.9 5.8 7.5 0.0 0 0 3 5 5
-2715.2 -11538.8 -19.5 43 0 11.4 9.1 5.0 2.5 2 0 2 2 2
-2691.2 -11513.5 -19.8 44 0 7.0 6.2 7.5 2.5 4 0 3 4 4
-2612.1 -11580.8 -19.2 313 0 3.5 10.0 5.0 2.5 2 1 2 5 5
-2563.6 -11633.8 -19.0 43 0 10.7 3.5 5.0 2.5 2 0 2 2 2
-2567.4 -11622.7 -19.0 313 0 6.0 3.3 7.5 2.5 2 0 3 3 3
-2669.7 -11767.7 -19.6 133 0 10.8 4.3 7.5 2.5 2 0 3 3 3
-2640.9 -11744.6 -18.9 44 0 5.4 10.2 7.5 2.5 2 1 3 3 3
-2666.0 -11722.0 -18.7 224 0 10.8 6.3 7.5 2.5 2 0 3 1 1
-2578.9 -11660.4 -18.3 314 0 3.1 3.7 7.5 2.5 2 1 3 3 3
-2592.6 -11692.8 -18.4 44 0 3.8 9.9 2.5 2.5 2 1 1 4 4
-2611.6 -11673.7 -18.1 224 0 5.5 13.2 7.5 2.5 2 1 3 1 1
-2619.0 -11671.3 -18.0 224 0 8.3 6.3 7.5 2.5 2 0 3 3 3
-2616.6 -11718.8 -18.2 43 0 3.2 10.5 7.5 2.5 2 1 3 1 1
-2702.1 -11502.3 -20.0 313 0 12.9 23.8 5.0 2.5 2 1 2 4 4
-2792.5 -11594.0 -19.9 133 0 12.2 23.8 10.0 2.5 4 1 4 4 4
-2790.4 -11625.8 -19.9 223 0 12.9 23.8 10.0 2.5 4 1 4 5 5
-2724.3 -11692.8 -19.2 44 0 12.2 23.9 10.0 2.5 2 1 4 1 1
-2667.7 -11549.7 -19.5 223 0 12.4 23.9 7.5 2.5 2 1 3 0 0
-2575.3 -11640.1 -18.8 43 0 13.0 23.9 7.5 0.0 0 1 3 2 2
-2585.1 -11661.7 -18.3 313 0 12.3 23.9 12.5 2.5 2 1 5 3 3
-2675.5 -11754.5 -19.4 133 0 13.0 23.9 15.0 0.0 0 1 6 2 2
-3161.6 -12014.0 -23.0 249 0 10.8 9.8 5.0 2.5 2 0 2 4 4
-3214.7 -12043.4 -22.7 90 0 5.9 7.5 2.5 2.5 4 1 1 2 2
-3219.5 -12008.4 -23.1 344 0 7.2 15.9 5.0 0.0 0 1 2 0 0
5408.0 -9937.7 0.3 360 0 40.9 22.0 7.5 0.0 0 0 3 2 2
5314.8 -9823.7 1.1 83 0 27.0 61.4 10.0 0.0 0 1 4 5 5
5328.4 -9904.7 0.7 179 0 25.5 25.3 7.5 0.0 0 0 3 2 2
5302.8 -9927.1 -0.8 270 0 60.1 30.1 12.5 0.0 0 0 5 4 4
5779.4 -10414.0 -3.7 179 0 36.0 21.4 10.0 0.0 0 0 4 4 4
5779.0 -10555.2 -2.2 179 0 36.0 21.4 7.5 0.0 0 0 3 5 5
5708.9 -10555.2 -2.6 179 0 36.0 21.4 12.5 0.0 0 0 5 3 3
5707.7 -10414.6 -3.3 179 0 36.0 21.4 10.0 0.0 0 0 4 1 1
5637.6 -10412.8 -2.0 179 0 36.0 21.4 12.5 0.0 0 0 5 3 3
5637.6 -10554.6 -1.1 179 0 36.0 21.4 7.5 0.0 0 0 3 4 4
5279.8 -10293.7 -1.2 269 0 25.5 25.4 7.5 0.0 0 0 3 3 3
-5206.8 -9212.0 -18.8 64 0 118.5 15.6 10.0 0.0 0 0 4 2 2
-1331.2 -4455.4 -10.4 335 0 20.1 31.9 7.5 2.5 2 1 3 2 2
-1320.3 -4528.8 -10.2 67 0 23.7 20.1 7.5 2.5 2 0 3 4 4
-1366.4 -4514.7 -9.7 157 0 11.2 16.5 7.5 0.0 0 1 3 4 4
-1382.0 -4478.9 -9.8 155 0 21.8 14.2 7.5 2.5 2 0 3 3 3
-1387.5 -4446.7 -10.0 245 0 14.0 10.0 10.0 2.5 2 0 4 3 3
-1431.6 -4554.4 -9.9 153 0 20.6 10.2 7.5 2.5 2 0 3 2 2
-1440.4 -4560.3 -10.0 332 0 20.0 10.5 2.5 2.5 2 0 1 1 1
-1464.4 -4601.4 -10.9 153 0 14.8 10.8 5.0 2.5 2 0 2 5 5
-1562.6 -4558.5 -12.3 335 0 12.8 26.0 7.5 2.5 2 1 3 1 1
6785.7 -10024.4 -2.6 90 0 52.5 91.7 10.0 0.0 0 1 4 4 4
6787.2 -9883.9 -2.5 90 0 52.5 91.7 12.5 0.0 0 1 5 3 3
6857.8 -9883.9 -2.1 90 0 52.5 91.7 10.0 0.0 0 1 4 1 1
6927.8 -9790.6 -1.9 270 0 52.5 91.7 10.0 0.0 0 1 4 3 3
6926.7 -9932.6 -3.5 270 0 52.5 91.7 12.5 0.0 0 1 5 0 0
6857.3 -10024.3 -3.3 90 0 52.5 91.7 7.5 0.0 0 1 3 2 2
6531.3 -9794.2 -3.2 271 0 35.6 64.2 12.5 0.0 0 1 5 5 5
6496.6 -9936.3 -2.2 270 0 31.5 61.7 12.5 0.0 0 1 5 3 3
6355.7 -9967.5 -1.9 180 0 61.7 31.5 7.5 0.0 0 0 3 5 5
6435.5 -10027.8 -2.6 91 0 61.4 31.7 12.5 0.0 0 0 5 3 3
6583.1 -9132.8 -1.1 181 0 32.1 15.7 10.0 2.5 2 0 4 3 3
5148.9 -9653.1 0.3 270 0 43.8 79.1 10.0 0.0 0 1 4 5 5
5224.7 -10162.6 -1.2 0 0 79.1 43.8 15.0 0.0 0 0 6 5 5
5225.7 -9750.9 0.0 0 0 79.1 43.8 10.0 0.0 0 0 4 1 1
5071.8 -10162.0 0.3 180 0 79.1 43.8 10.0 0.0 0 0 4 3 3
5146.2 -10262.0 -0.4 90 0 43.8 79.1 10.0 0.0 0 1 4 0 0
5093.9 -9790.9 0.1 90 0 43.8 79.1 7.5 0.0 0 1 3 1 1
