-5555.0 7571.3 -11.4 241 0 269.3 14.8 7.5 0.0 0 0 3 1 1
-5777.3 7521.6 -13.7 151 0 19.4 346.3 12.5 0.0 0 1 5 3 3
5479.0 5761.8 -1.3 86 0 22.1 29.6 10.0 0.0 0 1 4 5 5
1956.7 3370.4 3.4 74 0 17.2 20.9 14.0 3.5 2 1 4 2 2
3175.3 7417.9 -2.7 152 0 20.6 20.5 7.5 2.5 2 0 3 4 4
3993.1 10223.2 -20.6 270 0 11.0 37.1 7.5 2.5 2 1 3 5 5
4058.6 10226.4 -21.2 270 0 25.7 44.6 10.0 0.0 0 1 4 2 2
3873.2 10230.8 -22.6 271 0 76.1 33.0 15.0 0.0 0 0 6 3 3
5486.0 -4099.2 -2.7 185 0 394.3 177.2 17.5 0.0 0 0 7 3 3
5071.6 12531.7 -16.1 333 0 29.8 22.1 10.0 0.0 0 0 4 3 3
6648.2 11173.8 -12.5 60 0 17.5 85.4 14.0 3.5 2 1 4 1 1
4511.9 6516.7 -5.4 158 0 10.7 8.7 2.5 2.5 2 0 1 3 3
4498.5 6388.0 -4.2 153 0 6.7 9.6 7.5 2.5 2 1 3 4 4
4436.4 6390.6 -4.2 246 0 9.9 19.6 7.5 2.5 2 1 3 1 1
4785.6 6793.6 -5.1 336 0 5.1 20.0 7.5 2.5 2 1 3 3 3
4748.8 6776.7 -5.2 155 0 4.9 8.4 5.0 0.0 0 1 2 1 1
4465.1 6565.0 -6.1 335 0 4.1 13.5 7.5 2.5 2 1 3 4 4
4462.3 6577.0 -6.6 335 0 15.0 17.6 7.5 0.0 0 1 3 4 4
4638.5 6954.3 -6.4 334 0 21.7 10.0 5.0 2.5 2 0 2 5 5
4696.3 6824.8 -4.2 332 0 10.2 6.1 7.5 2.5 2 0 3 1 1
4668.4 6804.8 -3.3 64 0 13.8 15.7 5.0 2.5 2 1 2 0 0
4647.6 6794.8 -2.8 63 0 10.7 15.2 7.5 0.0 0 1 3 2 2
4629.0 6785.4 -2.1 63 0 10.7 15.2 7.5 0.0 0 1 3 3 3
4609.0 6775.8 -1.6 63 0 10.7 15.2 7.5 0.0 0 1 3 2 2
4683.6 6855.2 -3.7 334 0 9.6 9.8 5.0 2.5 2 1 2 4 4
4651.0 6826.2 -3.2 64 0 13.4 18.3 7.5 2.5 2 1 3 2 2
4631.4 6817.3 -2.9 64 0 13.4 18.3 7.5 2.5 4 1 3 0 0
4613.0 6807.9 -2.5 64 0 13.4 18.3 5.0 2.5 2 1 2 2 2
4593.6 6799.3 -2.2 64 0 13.4 18.3 5.0 0.0 0 1 2 5 5
5999.0 4277.9 5.7 341 0 13.4 19.2 10.0 0.0 0 1 4 2 2
6488.0 3995.0 3.0 161 0 20.4 15.3 7.5 0.0 0 0 3 4 4
6450.0 4742.1 -1.4 62 0 14.8 9.2 7.5 2.5 2 0 3 4 4
6204.4 4494.6 2.1 76 0 17.0 33.5 12.5 2.5 2 1 5 5 5
6047.8 4040.4 7.6 162 0 16.3 9.6 7.5 2.5 2 0 3 3 3
6006.9 4027.3 7.7 161 0 13.0 30.0 7.5 2.5 2 1 3 1 1
6511.4 11749.6 -14.9 239 0 33.1 41.4 14.0 0.0 0 1 4 3 3
6661.9 11700.3 -13.1 239 0 22.5 60.5 10.5 3.5 2 1 3 4 4
6344.0 11781.2 -14.1 60 0 114.2 72.9 14.0 0.0 0 0 4 3 3
6475.1 9640.4 -9.1 237 0 40.6 26.8 10.5 0.0 0 0 3 2 2
6516.7 9667.5 -8.7 237 0 11.3 31.1 10.5 3.5 2 1 3 2 2
3200.5 7773.4 -6.1 238 0 13.3 19.0 15.0 0.0 0 1 6 4 4
6785.2 4540.3 -2.3 165 0 17.6 12.8 7.5 2.5 2 0 3 4 4
6624.7 6103.5 -6.0 166 0 30.6 14.2 7.5 2.5 2 0 3 3 3
6233.1 5735.0 -4.9 71 0 20.3 36.5 10.0 0.0 0 1 4 3 3
6210.4 5808.6 -5.2 242 0 27.7 23.6 7.5 0.0 0 0 3 2 2
4452.6 5048.3 -1.7 240 0 17.0 25.0 10.0 2.5 2 1 4 1 1
4334.2 4949.5 -0.6 230 0 21.5 15.9 10.0 2.5 2 0 4 5 5
4183.5 4782.0 -0.0 219 0 13.0 14.8 7.5 2.5 2 1 3 1 1
4160.3 4760.0 0.2 219 0 8.3 16.4 5.0 2.5 2 1 2 4 4
4118.8 4699.5 0.5 317 0 7.4 9.0 7.5 2.5 2 1 3 3 3
4099.5 4687.8 0.3 221 0 10.7 18.5 10.0 2.5 4 1 4 1 1
4059.5 4623.8 1.4 133 0 17.5 16.1 10.0 2.5 2 0 4 3 3
4058.8 4592.7 2.2 318 0 40.2 25.7 12.5 2.5 2 0 5 0 0
3155.0 4361.9 3.8 264 0 16.5 59.7 10.0 2.5 2 1 4 2 2
3136.0 4399.3 3.9 162 0 60.0 17.7 7.5 2.5 4 0 3 5 5
3105.7 4495.3 3.9 245 0 17.7 59.9 10.0 2.5 2 1 4 3 3
3097.3 4534.9 4.7 334 0 60.6 18.4 7.5 2.5 2 0 3 5 5
4556.8 7366.3 -6.2 75 0 25.4 35.9 12.5 0.0 0 1 5 3 3
4584.2 7039.2 -8.6 66 0 17.2 23.7 7.5 2.5 2 1 3 3 3
4066.9 6027.5 -3.1 72 0 16.4 32.3 10.0 2.5 2 1 4 5 5
4425.7 5072.0 -0.3 61 0 22.2 16.4 10.0 2.5 2 0 4 5 5
6723.0 5784.8 -4.8 334 0 23.9 67.6 12.5 0.0 0 1 5 1 1
2532.6 -3666.1 0.6 252 0 19.5 116.4 10.0 0.0 0 1 4 3 3
6256.1 -8257.7 3.5 255 0 20.6 20.9 10.0 2.5 2 1 4 0 0
6287.5 -8278.9 3.9 248 0 20.2 53.7 7.5 2.5 2 1 3 1 1
6276.9 -8236.0 3.8 250 0 12.8 19.5 10.0 2.5 2 1 4 4 4
6236.9 -8226.3 3.3 248 0 10.1 17.8 2.5 2.5 2 1 1 4 4
6443.4 -8232.8 5.6 241 0 16.0 20.4 10.0 2.5 2 1 4 2 2
6426.7 -8257.9 5.7 238 0 4.7 5.6 2.5 2.5 2 1 1 0 0
6429.9 -8239.7 5.5 243 0 7.5 18.5 7.5 2.5 2 1 3 3 3
6413.1 -8283.5 5.6 234 0 10.5 25.3 7.5 2.5 2 1 3 0 0
6435.9 -7721.8 1.8 70 0 14.5 14.6 5.0 2.5 2 1 2 4 4
6018.7 -7641.6 4.7 82 0 13.0 26.3 10.0 2.5 4 1 4 3 3
6001.0 -7646.7 5.3 82 0 3.9 11.3 7.5 2.5 2 1 3 0 0
5990.3 -7647.8 5.2 83 0 6.2 10.1 7.5 2.5 2 1 3 5 5
5992.3 -7633.7 5.0 83 0 15.8 13.9 5.0 2.5 2 0 2 1 1
5950.8 -7669.5 4.6 82 0 12.3 41.5 7.5 2.5 2 1 3 3 3
5960.8 -7702.1 5.0 83 0 11.7 20.2 7.5 2.5 4 1 3 5 5
5941.0 -7822.9 3.5 84 0 14.8 18.4 7.5 2.5 2 1 3 1 1
5946.1 -7839.8 3.0 89 0 19.3 8.6 5.0 2.5 2 0 2 0 0
5944.4 -7799.0 4.1 79 0 8.7 12.8 7.5 2.5 2 1 3 3 3
5917.0 -7760.7 4.5 81 0 24.5 10.0 2.5 2.5 2 0 1 2 2
5826.7 -7211.8 2.0 251 0 4.5 4.6 2.5 2.5 2 1 1 2 2
5819.0 -7214.4 1.9 251 0 4.5 4.6 2.5 2.5 2 1 1 4 4
5861.0 -7205.8 2.1 249 0 4.5 4.6 2.5 2.5 2 1 1 5 5
5824.0 -7220.7 1.9 249 0 4.5 4.6 2.5 2.5 2 1 1 3 3
5853.3 -7208.6 2.1 249 0 4.5 4.6 2.5 2.5 2 1 1 5 5
5838.7 -7215.2 2.0 249 0 4.5 4.6 2.5 2.5 2 1 1 0 0
5813.1 -7205.4 1.9 260 0 4.5 4.6 2.5 2.5 2 1 1 2 2
5820.6 -7203.8 1.9 260 0 4.5 4.6 2.5 2.5 2 1 1 5 5
5859.8 -7196.3 2.1 260 0 4.5 4.6 2.5 2.5 2 1 1 4 4
5868.9 -7194.5 2.2 260 0 4.5 4.6 2.5 2.5 2 1 1 3 3
5835.9 -7191.8 1.9 262 0 57.7 6.1 2.5 2.5 2 0 1 2 2
5842.2 -7228.2 1.9 248 0 59.3 50.2 2.5 0.0 0 0 1 5 5
5820.5 -7134.1 1.7 80 0 27.1 14.1 2.5 0.0 0 0 1 5 5
5853.7 -7167.3 1.9 77 0 16.6 44.6 2.5 0.0 0 1 1 3 3
5884.5 -7163.0 1.6 78 0 36.5 78.4 2.5 0.0 0 1 1 4 4
3768.6 12528.2 -29.2 144 0 6.4 22.8 7.5 0.0 0 1 3 0 0
63.1 -11531.1 3.1 176 0 20.9 28.7 10.0 2.5 2 1 4 4 4
50.5 -11544.9 3.3 186 0 5.7 8.1 7.5 2.5 2 1 3 0 0
116.9 -11487.6 2.9 0 0 11.5 15.7 7.5 2.5 2 1 3 1 1
151.7 -11478.7 2.9 0 0 6.2 50.5 7.5 2.5 2 1 3 5 5
95.2 -11309.5 3.6 182 0 26.4 5.2 7.5 2.5 2 0 3 5 5
133.7 -11581.4 3.2 89 0 8.2 4.2 2.5 2.5 2 0 1 2 2
137.0 -11534.6 3.2 0 0 3.6 7.6 7.5 2.5 2 1 3 1 1
141.6 -11530.2 3.4 1 0 3.3 6.7 7.5 2.5 2 0 3 5 5
102.1 -11594.0 3.5 270 0 22.5 17.6 7.5 2.5 4 0 3 0 0
56.4 -11705.8 4.5 179 0 12.8 28.6 10.0 2.5 2 1 4 3 3
55.5 -11730.1 4.9 179 0 12.1 40.8 7.5 2.5 2 1 3 0 0
137.1 -11744.7 5.0 0 0 8.8 28.7 7.5 2.5 2 1 3 5 5
150.3 -11693.8 4.1 0 0 15.1 5.4 7.5 2.5 4 0 3 5 5
2891.1 10099.9 -14.2 341 0 329.6 20.0 15.0 0.0 0 0 6 0 0
2862.4 10059.2 -13.4 72 0 7.2 68.5 7.5 2.5 2 1 3 3 3
3003.7 9791.6 -12.3 342 0 37.7 46.9 10.0 0.0 0 1 4 1 1
2948.1 9767.4 -11.5 70 0 16.5 24.2 7.5 2.5 2 1 3 5 5
2757.9 10446.7 -16.3 356 0 32.2 16.4 10.0 2.5 2 0 4 2 2
2754.9 10477.6 -16.3 356 0 19.6 14.4 10.0 2.5 2 0 4 0 0
6064.1 3963.4 3.3 72 0 70.3 66.0 12.5 0.0 0 0 5 0 0
