3154.2 -5466.1 -12.8 300 0 14.7 70.3 7.5 2.5 2 1 3 2 2
3223.5 -5655.8 -9.2 299 0 66.5 10.8 10.0 2.5 2 0 4 3 3
2390.9 -7492.7 -8.2 118 0 114.6 42.0 7.5 0.0 0 0 3 5 5
3544.5 -5615.6 -12.2 298 0 90.5 42.1 12.5 0.0 0 0 5 0 0
3074.7 -5529.6 -14.8 298 0 12.5 87.2 12.5 2.5 2 1 5 4 4
3459.0 -5738.8 -13.3 297 0 46.1 37.3 10.0 0.0 0 0 4 0 0
3666.3 -5692.5 -10.7 297 0 90.7 36.7 10.0 0.0 0 0 4 4 4
2267.1 -6781.4 -1.7 209 0 11.3 38.3 12.5 0.0 0 1 5 1 1
3507.4 -5685.4 -13.7 298 0 91.0 40.1 12.5 0.0 0 0 5 5 5
2287.8 -7079.9 -8.5 27 0 22.7 37.4 10.0 0.0 0 1 4 3 3
3607.0 -5810.3 -10.8 298 0 90.4 36.1 12.5 0.0 0 0 5 0 0
2143.7 -7276.2 -5.7 29 0 102.6 55.1 7.5 0.0 0 0 3 4 4
3635.7 -5752.0 -10.5 298 0 90.5 40.2 12.5 0.0 0 0 5 4 4
2965.7 -5647.6 -13.3 209 0 14.9 42.0 10.0 2.5 2 1 4 0 0
2976.1 -5633.4 -13.8 209 0 14.2 41.9 10.0 2.5 4 1 4 3 3
3017.6 -5602.4 -14.8 299 0 11.6 12.4 7.5 2.5 2 1 3 5 5
3002.6 -5594.5 -14.8 299 0 11.5 12.3 10.0 2.5 2 1 4 1 1
2447.9 -7376.2 -8.5 118 0 114.9 40.9 10.0 0.0 0 0 4 1 1
2320.9 -7327.6 -7.9 299 0 31.6 86.0 10.0 0.0 0 1 4 2 2
2438.9 -7398.9 -8.0 299 0 115.7 42.0 12.5 0.0 0 0 5 2 2
2501.1 -7277.4 -8.6 298 0 116.5 42.9 7.5 0.0 0 0 3 2 2
3203.5 -5398.0 -11.0 297 0 36.3 13.7 10.0 2.5 2 0 4 3 3
2374.7 -7131.7 -8.0 119 0 26.8 25.7 15.0 0.0 0 0 6 5 5
3315.7 -5666.5 -11.3 297 0 21.5 60.3 7.5 0.0 0 1 3 5 5
3149.2 -5505.7 -12.2 299 0 13.7 27.6 10.0 2.5 2 1 4 2 2
3122.1 -5604.2 -13.7 298 0 102.8 17.9 10.0 0.0 0 0 4 2 2
3192.2 -5419.5 -11.5 298 0 36.0 13.7 12.5 2.5 4 0 5 3 3
1403.7 -2768.4 -4.1 144 0 17.1 9.6 7.5 2.5 2 0 3 2 2
3281.5 -5469.1 -11.2 298 0 16.0 20.8 7.5 2.5 2 1 3 1 1
1325.2 -2031.2 -5.1 243 0 115.5 153.0 7.5 0.0 0 1 3 0 0
3208.3 -5522.1 -12.6 297 0 21.1 59.6 10.0 2.5 2 1 4 1 1
3255.5 -5647.1 -10.4 298 0 17.4 12.0 2.5 2.5 2 0 1 1 1
3432.2 -5865.9 -10.5 298 0 84.8 34.3 10.0 0.0 0 0 4 4 4
3107.6 -5625.2 -12.6 299 0 36.9 7.1 7.5 2.5 2 0 3 0 0
3121.5 -5403.0 -13.4 299 0 12.7 110.0 10.0 0.0 0 1 4 1 1
3352.8 -5490.9 -11.7 298 0 88.1 6.9 7.5 2.5 2 0 3 0 0
3218.6 -5496.1 -12.1 297 0 16.6 13.7 5.0 2.5 2 0 2 1 1
3313.3 -5578.5 -14.1 297 0 20.8 60.0 12.5 2.5 2 1 5 3 3
3228.4 -5675.7 -8.7 297 0 35.4 15.3 10.0 2.5 4 0 4 3 3
3098.1 -5471.3 -14.2 300 0 10.1 12.4 5.0 2.5 2 1 2 2 2
3131.5 -5587.1 -13.8 298 0 103.0 17.5 10.0 0.0 0 0 4 3 3
1431.4 -2765.0 -7.4 325 0 28.1 9.8 7.5 0.0 0 0 3 0 0
3259.9 -5506.2 -12.6 298 0 20.1 22.2 5.0 2.5 2 1 2 4 4
3272.4 -5661.0 -10.3 298 0 12.2 22.7 10.0 0.0 0 1 4 2 2
1180.1 -2165.0 -1.8 152 0 20.4 49.1 10.0 0.0 0 1 4 1 1
3376.3 -5522.7 -13.7 298 0 21.0 61.4 10.0 2.5 2 1 4 3 3
3074.0 -5607.0 -14.4 298 0 24.6 7.2 7.5 2.5 2 0 3 2 2
3244.0 -5540.2 -13.1 298 0 21.1 61.0 12.5 0.0 0 1 5 3 3
3150.1 -5370.9 -12.8 298 0 35.7 13.3 12.5 2.5 2 0 5 2 2
3180.4 -5440.4 -11.9 298 0 36.1 14.1 12.5 2.5 2 0 5 0 0
1277.2 -2927.8 -10.8 343 0 35.6 16.8 12.5 2.5 2 0 5 0 0
3349.4 -5597.7 -13.8 298 0 22.4 60.4 10.0 2.5 2 1 4 1 1
3367.4 -5834.1 -8.7 297 0 16.5 31.0 10.0 2.5 2 1 4 5 5
1534.7 -2924.3 -9.0 325 0 62.1 21.6 15.0 0.0 0 0 6 2 2
4107.9 -6209.5 -11.0 296 0 10.2 14.6 7.5 2.5 4 1 3 5 5
3145.1 -5413.1 -12.6 299 0 12.5 112.2 7.5 2.5 2 1 3 5 5
3245.3 -5628.2 -10.7 298 0 11.7 23.7 7.5 2.5 2 1 3 4 4
3122.9 -5426.3 -13.7 300 0 10.3 12.3 7.5 2.5 4 1 3 0 0
3143.7 -5643.9 -9.9 297 0 30.1 7.1 7.5 2.5 2 0 3 1 1
3140.8 -5570.2 -13.8 298 0 103.2 17.5 10.0 0.0 0 0 4 2 2
1443.9 -2764.2 -7.4 324 0 13.0 9.2 5.0 2.5 4 0 2 1 1
3316.6 -5492.0 -13.1 298 0 20.9 60.9 12.5 0.0 0 1 5 0 0
3384.9 -5559.1 -13.0 299 0 21.5 32.9 12.5 0.0 0 1 5 5 5
3279.4 -5559.5 -13.6 298 0 21.4 60.5 12.5 2.5 2 1 5 1 1
1358.7 -3119.6 -9.2 54 0 41.0 26.3 10.0 0.0 0 0 4 2 2
3408.7 -5772.2 -12.0 297 0 11.5 42.1 10.0 2.5 2 1 4 3 3
3059.8 -5522.8 -14.8 299 0 12.9 86.9 15.0 0.0 0 1 6 4 4
3140.8 -5695.3 -10.8 298 0 74.4 17.2 10.0 2.5 2 0 4 0 0
3175.9 -5489.9 -11.6 299 0 14.3 60.2 7.5 2.5 2 1 3 5 5
3260.9 -5682.4 -9.3 297 0 12.9 22.5 15.0 0.0 0 1 6 2 2
3044.5 -5514.5 -14.8 298 0 13.0 88.0 12.5 2.5 2 1 5 2 2
3397.6 -5622.5 -12.5 299 0 10.9 57.5 10.0 2.5 2 1 4 1 1
3439.3 -5644.3 -13.2 299 0 21.4 64.7 15.0 0.0 0 1 6 0 0
1434.6 -3431.3 -5.0 139 0 27.7 29.8 12.5 0.0 0 1 5 3 3
3416.1 -5631.7 -12.7 299 0 20.7 65.1 7.5 2.5 4 1 3 3 3
3212.7 -5609.1 -10.5 297 0 48.0 23.9 10.0 2.5 2 0 4 4 4
3062.0 -4491.5 -10.4 84 0 11.0 66.6 12.5 0.0 0 1 5 5 5
3143.9 -4483.5 -9.9 83 0 25.4 37.3 10.0 0.0 0 1 4 4 4
1078.6 -3535.6 -9.1 228 0 13.2 13.1 2.5 2.5 2 0 1 1 1
1478.9 -3472.4 -3.2 138 0 14.7 9.2 5.0 0.0 0 0 2 0 0
33.4 -2338.0 -8.6 261 0 15.8 21.5 10.0 0.0 0 1 4 3 3
3065.6 -4517.2 -6.2 83 0 11.8 20.2 5.0 2.5 2 1 2 0 0
1246.7 -3676.5 -7.6 228 0 8.9 22.4 7.5 2.5 2 1 3 1 1
1767.8 -3803.4 -9.2 138 0 73.1 31.9 15.0 0.0 0 0 6 0 0
3153.2 -4408.5 -10.4 83 0 30.5 14.6 10.0 2.5 4 0 4 0 0
3205.4 -4371.9 -10.4 350 0 18.3 25.9 12.5 2.5 2 1 5 0 0
3074.0 -4819.5 -7.6 209 0 15.2 43.5 7.5 2.5 2 1 3 1 1
2970.0 -7105.7 -3.8 29 0 26.9 28.0 10.0 0.0 0 1 4 1 1
2765.6 -6377.6 -7.0 208 0 30.1 221.7 10.0 0.0 0 1 4 1 1
3128.6 -4779.5 -6.7 209 0 37.7 11.2 12.5 2.5 2 0 5 3 3
2898.4 -6861.6 -6.3 118 0 50.2 48.3 10.0 0.0 0 0 4 2 2
2769.0 -6612.9 -1.0 118 0 217.4 29.9 10.0 0.0 0 0 4 5 5
3091.6 -4771.1 -6.4 118 0 27.0 39.5 15.0 0.0 0 1 6 5 5
5797.0 -6219.7 -7.8 88 0 58.6 51.1 12.5 0.0 0 0 5 5 5
6033.8 -6700.2 -9.5 88 0 50.0 37.5 12.5 0.0 0 0 5 0 0
6010.4 -6721.3 -9.7 267 0 75.1 30.0 7.5 0.0 0 0 3 4 4
5388.6 -9388.2 -14.5 119 0 20.4 60.8 14.0 3.5 2 1 4 4 4
5494.1 -9444.6 -15.3 119 0 20.4 60.8 14.0 3.5 2 1 4 2 2
5362.1 -9374.9 -14.2 119 0 20.4 60.8 14.0 3.5 2 1 4 0 0
5467.5 -9430.9 -15.1 119 0 20.4 60.8 14.0 3.5 4 1 4 0 0
5415.1 -9402.7 -14.7 119 0 20.4 60.8 14.0 3.5 2 1 4 0 0
5441.4 -9416.7 -14.9 119 0 20.4 60.8 14.0 3.5 2 1 4 1 1
5520.4 -9458.8 -15.3 119 0 20.4 60.8 14.0 3.5 2 1 4 5 5
2463.7 -12420.6 -16.7 28 0 105.9 47.8 10.0 0.0 0 0 4 3 3
3864.1 -9102.2 -6.4 209 0 12.1 37.9 10.5 3.5 2 1 3 1 1
3444.1 -8959.9 -10.2 29 0 59.1 33.1 10.0 0.0 0 0 4 0 0
3867.3 -9154.3 -8.3 208 0 58.9 14.4 10.5 3.5 2 0 3 2 2
4245.4 -6837.7 -10.4 118 0 217.5 29.1 7.5 0.0 0 0 3 0 0
4169.5 -7016.4 -12.0 118 0 218.7 29.2 12.5 0.0 0 0 5 0 0
4278.9 -12169.9 -18.5 209 0 100.5 28.9 7.5 0.0 0 0 3 3 3
4955.7 -6120.7 -9.5 298 0 13.5 45.6 10.0 2.5 2 1 4 0 0
4228.3 -12171.6 -17.5 28 0 50.9 28.1 7.5 0.0 0 0 3 1 1
4916.7 -6099.3 -8.8 298 0 13.5 45.7 7.5 0.0 0 1 3 4 4
4935.8 -6109.4 -9.0 298 0 13.5 45.6 7.5 2.5 2 1 3 3 3
4983.8 -6101.0 -10.0 28 0 22.0 100.5 15.0 0.0 0 1 6 5 5
4198.0 -12155.6 -17.0 29 0 51.1 27.6 10.0 0.0 0 0 4 3 3
4891.8 -6146.1 -8.1 297 0 14.0 40.3 10.0 2.5 2 1 4 3 3
3581.2 -9869.7 -10.6 298 0 26.9 12.5 10.0 2.5 2 0 4 0 0
4298.0 -12208.4 -19.0 209 0 51.2 21.5 10.0 2.5 2 0 4 3 3
4974.7 -6131.1 -9.5 298 0 13.5 45.7 10.0 2.5 2 1 4 5 5
3604.8 -10722.3 -12.6 119 0 61.6 22.2 10.5 3.5 2 0 3 3 3
4911.7 -6155.7 -8.5 297 0 14.1 40.3 10.0 2.5 2 1 4 1 1
4248.8 -12154.4 -17.9 208 0 100.4 28.0 10.0 0.0 0 0 4 2 2
3785.7 -10009.0 -11.7 208 0 26.2 90.8 7.5 0.0 0 1 3 1 1
4770.2 2488.1 -10.4 333 0 121.3 58.7 10.0 0.0 0 0 4 1 1
4643.0 2603.8 -10.4 152 0 121.6 83.3 7.5 0.0 0 0 3 2 2
4636.8 2898.8 -10.5 333 0 32.0 120.8 10.0 0.0 0 1 4 2 2
5112.8 1997.7 -10.5 332 0 121.5 93.0 7.5 0.0 0 0 3 3 3
4945.2 1645.0 -10.3 152 0 273.2 89.1 10.0 0.0 0 0 4 1 1
4497.0 2884.3 -10.4 152 0 17.6 20.0 12.5 2.5 2 1 5 0 0
4739.9 2250.4 -10.3 63 0 36.3 54.6 7.5 0.0 0 1 3 4 4
4569.6 2744.9 -10.4 152 0 121.1 131.3 7.5 0.0 0 1 3 4 4
4956.6 2294.7 -10.5 332 0 121.8 132.7 7.5 0.0 0 1 3 4 4
5244.4 1750.6 -10.5 332 0 182.5 134.6 10.0 0.0 0 0 4 1 1
5696.9 -6673.6 -14.4 87 0 37.3 74.3 12.5 0.0 0 1 5 5 5
5759.8 -6610.4 -10.5 357 0 12.6 21.2 10.0 2.5 2 1 4 2 2
5689.2 -6525.2 -16.5 267 0 37.1 66.1 10.0 0.0 0 1 4 3 3
6197.3 -6559.6 -10.0 358 0 49.0 15.5 15.0 0.0 0 0 6 3 3
5761.4 -6639.9 -11.3 357 0 12.6 21.2 7.5 2.5 2 1 3 4 4
5728.5 -6451.5 -12.7 268 0 12.4 37.8 15.0 0.0 0 1 6 3 3
5687.6 -6510.8 -16.4 87 0 37.1 66.1 10.0 0.0 0 1 4 0 0
5732.8 -6531.7 -12.9 268 0 12.4 37.8 10.0 2.5 2 1 4 0 0
-82.8 -1444.5 -8.3 48 0 30.3 18.0 7.5 2.5 4 0 3 2 2
1252.8 -2095.3 -6.7 242 0 42.5 124.7 10.0 0.0 0 1 4 3 3
1231.0 -8143.0 -10.8 207 0 10.5 28.3 10.0 2.5 2 1 4 1 1
814.3 -8580.1 -10.3 207 0 34.1 55.2 10.0 0.0 0 1 4 3 3
3636.5 -9761.8 -10.7 300 0 17.2 31.3 12.5 2.5 2 1 5 1 1
1408.5 -7583.7 -11.5 299 0 18.8 55.9 10.0 2.5 2 1 4 5 5
1227.9 -8185.2 -10.1 207 0 41.3 12.1 12.5 2.5 2 0 5 4 4
1572.1 -8054.0 -12.5 28 0 24.3 40.2 10.0 0.0 0 1 4 1 1
1431.9 -7888.4 -9.6 297 0 30.4 53.5 10.0 0.0 0 1 4 5 5
2515.3 -9952.4 -10.8 119 0 148.0 36.0 7.5 0.0 0 0 3 4 4
1472.3 -7332.9 -11.1 28 0 39.1 21.1 12.5 0.0 0 0 5 0 0
3702.3 -9698.8 -10.3 117 0 9.8 4.4 10.5 3.5 2 0 3 3 3
794.7 -8614.4 -10.9 214 0 19.4 43.7 5.0 2.5 2 1 2 5 5
4771.0 -8719.7 -11.7 119 0 32.7 66.2 14.0 0.0 0 1 4 2 2
1691.7 -7878.3 -12.6 299 0 27.8 214.8 10.0 0.0 0 1 4 3 3
1324.9 -8239.5 -11.6 27 0 37.7 55.6 12.5 0.0 0 1 5 4 4
3619.9 -9903.1 -10.0 248 0 15.7 18.9 7.5 2.5 2 1 3 3 3
1764.4 -7850.9 -12.1 28 0 18.3 112.0 10.0 0.0 0 1 4 2 2
4743.1 -8767.0 -10.2 28 0 79.5 99.1 14.0 0.0 0 1 4 4 4
1249.9 -7880.8 -10.6 207 0 13.7 14.4 12.0 2.5 2 1 3 4 4
4664.1 -8206.4 -10.9 302 0 19.4 35.8 14.0 0.0 0 1 4 2 2
1366.6 -7529.8 -11.7 25 0 20.3 84.5 10.0 0.0 0 1 4 3 3
1401.8 -7965.6 -10.1 27 0 8.4 28.4 2.5 2.5 2 1 1 2 2
3594.5 -9959.8 -10.2 120 0 19.6 27.1 10.0 2.5 2 1 4 1 1
4743.2 -8281.1 -10.6 209 0 18.2 54.0 14.0 3.5 2 1 4 0 0
3595.1 -9851.9 -10.9 118 0 51.5 51.6 10.0 0.0 0 1 4 2 2
1543.5 -7992.7 -11.4 27 0 26.9 19.2 7.5 2.5 4 0 3 4 4
1662.7 -7776.1 -11.2 28 0 52.5 14.4 10.0 2.5 2 0 4 1 1
4603.1 -8848.9 -12.2 299 0 80.5 57.1 14.0 0.0 0 0 4 0 0
4550.3 -8419.1 -11.0 118 0 18.3 39.7 14.0 0.0 0 1 4 2 2
786.3 -8480.7 -11.2 207 0 46.1 26.8 10.0 0.0 0 0 4 0 0
3931.7 -10176.4 -10.8 297 0 20.1 25.0 7.5 2.5 2 1 3 3 3
1107.2 -8097.8 -10.0 207 0 41.5 60.1 17.5 0.0 0 1 7 4 4
4940.7 -8330.5 -11.0 298 0 38.3 19.2 14.0 0.0 0 0 4 2 2
4727.8 -8693.7 -10.5 118 0 29.9 62.1 14.0 0.0 0 1 4 4 4
946.1 -8210.0 -9.5 208 0 59.8 22.0 7.5 2.5 2 0 3 1 1
1465.8 -7579.7 -12.3 205 0 14.2 36.5 7.5 2.5 2 1 3 1 1
1723.1 -7784.0 -11.8 26 0 24.1 35.9 7.5 0.0 0 1 3 0 0
1203.7 -8158.8 -9.7 207 0 20.0 5.6 4.0 2.5 2 0 1 1 1
3723.1 -9769.2 -10.5 122 0 6.2 6.5 10.5 3.5 2 1 3 5 5
1015.4 -8093.3 -11.4 117 0 30.4 56.1 12.5 0.0 0 1 5 1 1
1200.8 -8209.8 -9.9 207 0 27.1 13.0 7.5 2.5 2 0 3 2 2
988.0 -8135.5 -9.7 208 0 25.3 21.6 10.0 2.5 2 0 4 4 4
1360.9 -7794.1 -10.7 297 0 18.9 9.6 8.0 2.5 2 0 2 5 5
1419.2 -7553.3 -12.3 208 0 13.6 37.9 7.5 2.5 2 1 3 0 0
4972.5 -8274.3 -11.4 302 0 38.2 17.8 14.0 0.0 0 0 4 1 1
1249.0 -7774.3 -8.9 297 0 17.1 26.9 5.0 2.5 2 1 2 4 4
4601.6 -8314.6 -10.9 208 0 27.9 214.4 14.0 0.0 0 1 4 3 3
1583.3 -7897.1 -10.0 27 0 34.3 76.1 5.0 0.0 0 1 2 2 2
1477.8 -7924.8 -7.8 297 0 13.7 20.5 10.0 2.5 2 1 4 1 1
1485.9 -7290.4 -10.5 25 0 9.3 23.3 8.0 2.5 2 1 2 1 1
3671.0 -9689.5 -10.8 119 0 4.9 7.0 10.5 3.5 4 1 3 1 1
3975.3 -10036.8 -12.1 297 0 49.0 15.0 12.5 2.5 2 0 5 4 4
4664.8 -8481.8 -11.3 118 0 44.7 35.4 14.0 0.0 0 0 4 2 2
1539.7 -7951.9 -10.2 27 0 13.3 16.6 8.0 2.5 2 1 2 5 5
4696.9 -8133.5 -10.8 208 0 27.0 221.3 14.0 0.0 0 1 4 5 5
1751.2 -7740.2 -11.5 30 0 17.6 50.1 7.5 2.5 2 1 3 2 2
1275.2 -7807.0 -9.1 297 0 7.1 24.6 8.0 2.5 4 1 2 4 4
1187.9 -8140.3 -10.7 207 0 61.5 13.8 10.0 2.5 2 0 4 0 0
877.3 -8338.5 -10.2 208 0 131.1 22.5 12.5 0.0 0 0 5 5 5
1454.6 -7793.7 -10.5 299 0 39.2 42.9 10.0 0.0 0 1 4 5 5
3955.1 -9983.9 -11.8 208 0 20.2 85.3 14.0 0.0 0 1 4 2 2
1593.8 -8002.7 -12.5 28 0 22.7 30.8 15.0 0.0 0 1 6 4 4
1281.3 -7894.4 -10.7 207 0 18.8 56.7 7.5 2.5 2 1 3 4 4
1091.3 -8158.6 -10.0 207 0 26.2 83.3 10.0 0.0 0 1 4 1 1
5331.7 -7401.5 -6.0 115 0 17.8 11.0 7.5 2.5 2 0 3 4 4
2116.9 -8101.8 -13.5 297 0 13.0 20.1 10.0 2.5 2 1 4 1 1
5032.1 -8670.9 -11.5 28 0 22.9 11.3 14.0 3.5 2 0 4 3 3
5615.3 -7520.2 -7.5 304 0 8.4 11.4 5.0 2.5 2 1 2 4 4
3972.7 -9908.4 -11.0 26 0 37.3 12.6 10.5 3.5 2 0 3 2 2
1950.3 -8453.7 -12.2 211 0 10.9 18.2 7.5 2.5 2 1 3 1 1
1864.7 -8310.7 -9.6 298 0 44.0 34.4 10.0 0.0 0 0 4 3 3
5286.6 -7443.6 -3.0 300 0 110.7 21.3 10.0 0.0 0 0 4 0 0
5078.4 -7746.2 -12.3 208 0 27.9 16.5 12.5 2.5 2 0 5 0 0
1810.2 -8547.9 -10.1 115 0 19.5 13.5 10.0 2.5 4 0 4 0 0
5393.4 -8367.4 -14.5 29 0 76.0 27.9 14.0 0.0 0 0 4 1 1
5533.1 -7498.4 -5.6 117 0 11.6 22.7 10.0 0.0 0 1 4 4 4
4971.3 -7348.7 -10.4 302 0 12.6 35.8 12.5 2.5 4 1 5 1 1
1918.0 -8216.5 -12.6 31 0 8.7 14.9 2.5 2.5 2 1 1 0 0
3873.0 -9860.3 -10.4 207 0 111.3 30.2 14.0 0.0 0 0 4 4 4
1815.9 -8405.8 -9.0 208 0 9.6 25.5 5.0 2.5 2 1 2 3 3
5352.7 -7427.9 -4.6 119 0 23.2 14.0 12.5 2.5 2 0 5 0 0
2156.6 -8097.8 -12.7 115 0 15.6 16.2 12.5 2.5 2 1 5 2 2
5223.6 -7561.9 -4.4 300 0 108.4 20.6 12.5 0.0 0 0 5 4 4
5587.5 -7815.3 -11.4 118 0 18.2 57.2 12.5 2.5 4 1 5 1 1
5295.8 -7319.2 -9.9 298 0 19.6 53.5 10.0 0.0 0 1 4 1 1
1911.8 -8235.2 -12.6 31 0 6.9 17.4 7.5 2.5 4 1 3 2 2
5096.2 -7356.3 -6.3 28 0 15.6 36.6 10.0 2.5 2 1 4 5 5
5194.2 -8513.4 -11.9 29 0 36.7 15.6 14.0 3.5 2 0 4 1 1
2003.4 -8198.3 -11.7 207 0 11.9 14.7 7.5 0.0 0 1 3 2 2
5621.4 -7950.4 -13.0 31 0 36.0 14.7 10.0 2.5 2 0 4 0 0
5312.2 -7306.6 -10.7 300 0 45.9 15.0 10.0 2.5 2 0 4 0 0
5301.5 -8256.4 -13.2 297 0 13.4 42.3 14.0 0.0 0 1 4 1 1
1833.2 -8295.2 -10.9 297 0 17.4 13.9 5.0 2.5 2 0 2 4 4
5168.6 -8480.6 -11.8 26 0 22.5 19.4 14.0 3.5 2 0 4 5 5
5558.9 -7448.4 -6.5 298 0 15.6 24.4 10.0 2.5 2 1 4 1 1
4914.8 -7519.3 -10.9 26 0 72.0 46.5 10.0 0.0 0 0 4 0 0
1736.5 -8421.4 -10.8 208 0 59.8 17.8 7.5 2.5 4 0 3 4 4
1787.7 -8487.4 -10.0 205 0 8.3 14.7 7.5 2.5 2 1 3 2 2
5349.9 -8431.4 -14.5 30 0 17.7 44.9 14.0 3.5 2 1 4 0 0
2090.5 -8126.7 -12.7 204 0 17.6 18.1 12.5 2.5 2 1 5 2 2
5430.3 -7550.9 0.1 298 0 47.4 18.6 12.5 2.5 2 0 5 5 5
5627.4 -7545.1 -7.8 119 0 17.4 16.3 12.5 2.5 4 0 5 5 5
5186.8 -7478.2 -3.7 210 0 33.9 17.8 15.0 0.0 0 0 6 3 3
5521.6 -7942.9 -17.1 298 0 14.3 46.5 10.0 2.5 2 1 4 4 4
5094.2 -7324.4 -5.9 298 0 30.8 14.9 15.0 0.0 0 0 6 0 0
1897.5 -8490.8 -11.5 28 0 37.1 11.3 7.5 2.5 2 0 3 2 2
5536.8 -7657.4 -3.9 29 0 34.5 15.4 12.5 2.5 2 0 5 2 2
1939.0 -8083.8 -13.0 117 0 13.5 7.2 5.0 2.5 2 0 2 2 2
3955.5 -9945.5 -11.2 27 0 37.2 12.8 10.5 3.5 2 0 3 1 1
5237.0 -7519.0 -0.4 117 0 21.2 38.4 12.5 0.0 0 1 5 1 1
1783.5 -8337.2 -11.6 298 0 15.9 17.5 7.5 2.5 2 1 3 5 5
5513.6 -8139.9 -12.9 28 0 60.6 31.1 10.0 0.0 0 0 4 3 3
1771.3 -8360.3 -11.2 208 0 10.2 16.0 7.5 2.5 4 1 3 5 5
1481.2 -8330.4 -12.4 118 0 45.2 39.3 7.5 0.0 0 0 3 3 3
5347.3 -7349.4 -9.5 298 0 26.6 18.5 12.5 2.5 2 0 5 5 5
5071.1 -8663.3 -12.0 33 0 24.0 18.1 14.0 3.5 2 0 4 2 2
4979.0 -7513.6 -11.0 297 0 21.8 61.8 10.0 2.5 2 1 4 1 1
1817.9 -8324.1 -10.9 118 0 18.0 15.7 12.5 2.5 2 0 5 5 5
5250.6 -8411.7 -12.3 29 0 46.9 15.0 14.0 3.5 2 0 4 4 4
2106.2 -7433.7 -10.5 298 0 28.0 9.7 7.5 2.5 2 0 3 5 5
4066.3 -9721.4 -10.7 208 0 16.9 64.8 14.0 3.5 4 1 4 4 4
4824.9 -9061.6 -12.2 119 0 6.1 28.5 10.5 0.0 0 1 3 2 2
5111.4 -8054.7 -12.5 298 0 50.2 16.6 14.0 3.5 2 0 4 1 1
4363.5 -8444.8 -9.6 117 0 16.2 12.7 14.0 3.5 2 0 4 5 5
5177.7 -8097.4 -12.8 297 0 28.8 14.6 14.0 3.5 4 0 4 4 4
4553.0 -8578.1 -10.2 208 0 20.6 11.7 14.0 3.5 2 0 4 1 1
4878.8 -9034.0 -12.3 298 0 13.3 43.7 14.0 0.0 0 1 4 3 3
4827.9 -9079.9 -12.3 119 0 11.9 23.9 14.0 3.5 4 1 4 2 2
4899.9 -8858.5 -12.0 119 0 15.0 47.4 14.0 0.0 0 1 4 5 5
4419.8 -8540.1 -9.6 298 0 11.6 20.6 14.0 3.5 2 1 4 5 5
5265.0 -7930.0 -15.2 296 0 29.0 15.7 12.5 2.5 2 0 5 2 2
4245.4 -8477.6 -8.2 298 0 12.7 25.4 14.0 3.5 2 1 4 1 1
4952.2 -6937.3 -7.0 293 0 26.2 6.3 7.5 2.5 2 0 3 1 1
4965.3 -9059.8 -11.4 299 0 18.0 85.6 14.0 3.5 2 1 4 5 5
4356.4 -6117.0 -8.3 299 0 18.7 32.2 12.5 0.0 0 1 5 0 0
5064.8 -9009.7 -10.4 29 0 25.7 6.4 10.5 0.0 0 0 3 5 5
5223.2 -8221.1 -15.5 299 0 14.4 52.7 14.0 3.5 2 1 4 4 4
4972.7 -8988.3 -11.0 119 0 88.8 49.2 14.0 0.0 0 0 4 3 3
4832.2 -9011.9 -12.2 299 0 12.7 30.3 14.0 3.5 2 1 4 4 4
4257.7 -8454.3 -8.3 298 0 11.7 20.6 14.0 3.5 2 1 4 0 0
4332.8 -8464.5 -9.1 116 0 33.0 15.0 14.0 3.5 2 0 4 1 1
4422.4 -8570.2 -8.9 298 0 12.7 25.4 14.0 3.5 2 1 4 4 4
5308.1 -8085.5 -12.5 31 0 42.7 14.8 15.0 0.0 0 0 6 2 2
4259.3 -8421.0 -10.4 117 0 90.6 40.2 14.0 0.0 0 0 4 4 4
4407.6 -8563.0 -8.8 298 0 12.7 25.4 14.0 3.5 2 1 4 1 1
4435.0 -8547.4 -9.6 298 0 11.7 20.6 14.0 3.5 2 1 4 5 5
4336.8 -8428.8 -9.4 117 0 35.0 10.9 14.0 3.5 2 0 4 4 4
4830.3 -8864.6 -11.3 299 0 75.3 27.8 14.0 0.0 0 0 4 0 0
4874.1 -9104.5 -12.5 119 0 79.7 15.5 14.0 3.5 2 0 4 3 3
5328.3 -7978.3 -12.8 298 0 12.9 50.5 12.5 2.5 2 1 5 1 1
4934.3 -9058.1 -12.4 299 0 17.3 47.9 14.0 3.5 2 1 4 2 2
4231.8 -8468.9 -8.1 298 0 12.7 25.4 14.0 3.5 2 1 4 5 5
4285.9 -8469.9 -8.7 298 0 11.7 20.6 14.0 3.5 2 1 4 0 0
4920.3 -8063.2 -10.1 298 0 16.7 26.8 14.0 3.5 2 1 4 1 1
4949.2 -6966.7 -6.6 28 0 27.3 25.5 7.5 0.0 0 0 3 2 2
5239.5 -8141.4 -14.8 298 0 14.2 47.9 14.0 3.5 2 1 4 2 2
4976.3 -9108.1 -11.2 29 0 92.2 5.8 10.5 3.5 4 0 3 1 1
4448.7 -8555.0 -9.6 298 0 11.7 20.6 14.0 0.0 0 1 4 5 5
4259.7 -8484.8 -8.4 298 0 12.7 25.4 14.0 3.5 2 1 4 0 0
4916.1 -9048.9 -12.3 298 0 13.1 45.5 14.0 3.5 2 1 4 5 5
4977.7 -9144.5 -12.6 29 0 30.6 6.7 10.5 3.5 2 0 3 5 5
4367.7 -6298.7 -6.3 296 0 41.0 21.3 12.5 0.0 0 0 5 5 5
4243.8 -8446.5 -8.2 298 0 11.7 20.6 14.0 3.5 2 1 4 5 5
4462.5 -8562.3 -9.6 298 0 11.7 20.6 14.0 3.5 2 1 4 2 2
4274.5 -8493.1 -8.5 298 0 12.7 25.4 14.0 3.5 2 1 4 3 3
4435.7 -8576.9 -9.0 298 0 12.7 25.4 14.0 3.5 2 1 4 0 0
4388.3 -8640.3 -9.5 73 0 18.4 24.7 14.0 3.5 2 1 4 2 2
4993.6 -7922.4 -15.6 119 0 15.0 28.1 7.5 2.5 2 1 3 1 1
4437.2 -8660.6 -8.7 29 0 26.5 19.9 14.0 3.5 2 0 4 1 1
5171.1 -8200.1 -14.7 296 0 14.1 41.3 14.0 3.5 2 1 4 5 5
5026.8 -9011.1 -10.2 118 0 20.1 37.0 14.0 0.0 0 1 4 0 0
4450.2 -8599.8 -9.0 28 0 25.4 12.7 14.0 0.0 0 0 4 2 2
4892.7 -9049.2 -12.2 299 0 12.4 24.8 14.0 3.5 4 1 4 2 2
4271.4 -8461.6 -8.5 298 0 11.7 20.6 14.0 3.5 2 1 4 0 0
2636.3 -5240.3 -8.1 117 0 28.5 15.4 7.5 2.5 2 0 3 5 5
2526.7 -5181.3 -6.4 319 0 7.8 21.1 7.5 2.5 2 1 3 0 0
3142.4 -6860.9 -8.4 118 0 15.2 32.6 7.5 2.5 2 1 3 0 0
3163.5 -6652.8 -9.3 118 0 22.6 63.3 10.0 2.5 2 1 4 3 3
3177.5 -6879.0 -7.4 118 0 48.3 27.0 10.0 0.0 0 0 4 3 3
3238.5 -6738.4 -9.8 118 0 67.1 17.9 10.0 2.5 2 0 4 5 5
3021.6 -5521.7 -12.7 298 0 6.5 152.5 7.5 2.5 4 1 3 3 3
3317.7 -6781.4 -9.3 118 0 70.6 16.8 12.5 2.5 4 0 5 1 1
1928.4 -6536.9 -9.0 28 0 14.9 72.8 7.5 2.5 2 1 3 3 3
3216.5 -6904.0 -6.0 118 0 12.8 34.8 12.5 2.5 2 1 5 3 3
1889.2 -6582.9 -9.8 29 0 21.6 65.6 12.5 2.5 2 1 5 3 3
3249.4 -6920.6 -7.0 118 0 50.3 32.1 12.5 0.0 0 0 5 2 2
3292.3 -6944.9 -7.5 118 0 11.9 36.6 7.5 2.5 2 1 3 4 4
3351.3 -4954.9 -3.6 210 0 36.1 13.3 7.5 2.5 2 0 3 3 3
3364.7 -4923.7 -5.5 210 0 18.0 14.0 7.5 2.5 2 0 3 0 0
3326.6 -6960.1 -7.7 118 0 50.1 30.3 12.5 0.0 0 0 5 3 3
3316.5 -5047.8 -11.1 299 0 11.4 63.3 12.5 0.0 0 1 5 4 4
1913.6 -7268.6 -11.7 207 0 28.6 25.8 10.0 0.0 0 0 4 5 5
4773.0 -5568.0 -11.0 209 0 12.1 67.1 10.0 2.5 2 1 4 5 5
2748.9 -7476.8 -4.6 118 0 20.1 13.8 7.5 2.5 4 0 3 1 1
3097.2 -4526.9 -7.8 84 0 19.9 11.4 5.0 2.5 2 0 2 1 1
4300.7 -4902.3 -11.5 119 0 12.5 18.7 7.5 2.5 2 1 3 3 3
6103.2 -6494.8 -10.0 357 0 21.8 276.5 10.0 0.0 0 1 4 0 0
4808.0 -5488.7 -6.7 209 0 14.0 49.7 12.5 2.5 2 1 5 0 0
2470.6 -6833.8 -3.0 207 0 20.1 19.8 10.0 2.5 4 0 4 2 2
2179.7 -6861.0 -3.4 207 0 16.2 20.2 10.0 2.5 2 1 4 0 0
3088.3 -4510.4 -8.6 84 0 16.4 22.6 10.0 2.5 2 1 4 2 2
2684.0 -6724.8 -0.8 298 0 76.1 14.6 7.5 2.5 2 0 3 2 2
2816.0 -7203.9 -5.8 119 0 13.3 29.3 12.5 0.0 0 1 5 0 0
2833.0 -7488.1 -5.4 119 0 30.9 18.9 12.5 2.5 2 0 5 0 0
2404.6 -7067.1 -7.9 205 0 18.8 29.0 10.0 2.5 2 1 4 2 2
2437.6 -4374.8 -10.1 317 0 23.5 14.6 12.5 2.5 4 0 5 1 1
4781.6 -5118.9 -9.1 91 0 17.0 36.2 12.5 2.5 2 1 5 3 3
5656.3 -6375.6 -11.3 87 0 9.5 23.3 7.5 2.5 2 1 3 1 1
3084.6 -4484.0 -9.4 84 0 15.6 23.0 12.5 0.0 0 1 5 5 5
2401.0 -7176.1 -8.4 118 0 11.7 61.4 15.0 0.0 0 1 6 0 0
2765.9 -7445.9 -2.9 116 0 19.3 14.8 12.5 2.5 2 0 5 4 4
2945.3 -4394.8 -10.3 80 0 21.1 64.4 12.5 2.5 2 1 5 0 0
2619.1 -7207.3 -8.4 28 0 20.9 183.8 7.5 0.0 0 1 3 2 2
2827.5 -6159.2 -7.3 210 0 18.5 33.2 10.0 0.0 0 1 4 4 4
2749.2 -4781.8 -6.4 57 0 63.2 15.5 10.0 2.5 2 0 4 4 4
4910.8 -5452.1 -6.5 28 0 15.1 63.4 10.0 2.5 2 1 4 3 3
2653.3 -4616.8 -3.5 147 0 29.1 25.5 12.5 0.0 0 0 5 5 5
2924.0 -7442.0 -6.0 296 0 18.3 12.9 7.5 2.5 2 0 3 0 0
2670.9 -7582.1 -5.9 299 0 34.4 16.2 10.0 2.5 2 0 4 3 3
2865.0 -7429.4 -4.4 296 0 11.1 42.4 7.5 2.5 4 1 3 5 5
2869.8 -6183.0 -7.2 209 0 18.6 12.7 5.0 2.5 2 0 2 1 1
3472.6 -5549.0 -10.1 298 0 6.8 10.4 7.5 2.5 2 1 3 4 4
2534.6 -6714.5 -3.8 207 0 18.4 19.9 10.0 2.5 4 1 4 3 3
2520.8 -6953.3 -2.0 208 0 14.6 76.1 10.0 2.5 2 1 4 1 1
2912.2 -7461.7 -5.9 296 0 18.6 12.6 5.0 0.0 0 0 2 0 0
4599.3 -4311.6 -11.3 31 0 27.9 40.3 7.5 0.0 0 1 3 0 0
2884.5 -7387.5 -4.2 299 0 12.8 20.4 5.0 2.5 2 1 2 2 2
2849.6 -6107.0 -5.9 207 0 11.5 37.2 15.0 0.0 0 1 6 1 1
5685.8 -6362.5 -12.9 88 0 40.3 13.5 12.5 2.5 2 0 5 1 1
3443.3 -5529.4 -10.7 298 0 5.8 13.3 7.5 2.5 2 1 3 3 3
2526.6 -6804.6 -3.0 207 0 14.0 53.8 10.0 2.5 4 1 4 5 5
6038.5 -6389.0 -6.0 88 0 30.2 15.7 10.0 2.5 4 0 4 4 4
2989.8 -4516.7 -3.3 80 0 11.2 36.0 7.5 2.5 2 1 3 5 5
2795.5 -4751.2 -6.7 56 0 27.4 16.7 10.0 2.5 2 0 4 5 5
3111.5 -7316.6 -10.5 297 0 17.8 14.1 10.0 2.5 2 0 4 4 4
4823.9 -5023.9 -9.9 25 0 24.3 15.1 10.0 2.5 2 0 4 2 2
2717.8 -4574.0 -3.9 327 0 12.3 21.0 10.0 0.0 0 1 4 5 5
2717.1 -4750.3 -6.5 238 0 30.6 13.4 7.5 2.5 2 0 3 2 2
2584.0 -6834.8 -3.2 208 0 14.6 76.1 12.5 2.5 2 1 5 2 2
5785.3 -6568.6 -9.5 178 0 37.7 14.5 7.5 2.5 2 0 3 1 1
2759.8 -4583.9 -4.1 327 0 29.8 41.6 7.5 0.0 0 1 3 0 0
5842.6 -6584.4 -9.7 87 0 14.1 50.0 7.5 2.5 2 1 3 0 0
4328.4 -4857.9 -11.5 119 0 14.7 67.2 7.5 2.5 2 1 3 3 3
5722.3 -6373.2 -13.0 87 0 18.7 27.9 15.0 0.0 0 1 6 4 4
2958.1 -4469.4 -5.1 80 0 20.0 62.1 10.0 2.5 2 1 4 4 4
5727.3 -6386.7 -12.9 88 0 29.9 7.9 2.5 2.5 2 0 1 3 3
3098.8 -7342.0 -11.7 299 0 17.4 11.5 5.0 2.5 2 0 2 1 1
2782.7 -4597.9 -3.5 327 0 10.6 7.7 2.5 2.5 2 0 1 0 0
2406.4 -6952.0 -3.8 207 0 20.7 21.1 10.0 2.5 2 1 4 2 2
2904.2 -5477.4 -10.8 208 0 38.0 10.6 7.5 2.5 2 0 3 0 0
5965.0 -6574.2 -8.6 177 0 24.2 89.9 7.5 0.0 0 1 3 3 3
2793.0 -4667.2 -5.8 62 0 30.8 14.9 7.5 2.5 2 0 3 0 0
2356.1 -6825.7 0.9 27 0 19.0 41.6 7.5 2.5 2 1 3 2 2
2463.5 -6923.1 -2.0 207 0 14.0 53.8 10.0 2.5 2 1 4 5 5
2703.4 -4641.0 -5.0 57 0 60.8 24.8 10.0 2.5 2 0 4 5 5
2589.6 -6683.1 -4.6 207 0 14.0 53.8 12.5 2.5 2 1 5 4 4
5905.2 -6589.8 -10.3 88 0 79.5 25.8 12.5 0.0 0 0 5 3 3
5728.4 -8109.3 -13.8 207 0 12.5 25.7 14.0 3.5 2 1 4 1 1
5683.9 -8225.5 -14.3 206 0 18.8 24.1 14.0 3.5 2 1 4 0 0
5900.1 -7676.4 -7.4 300 0 27.6 13.4 14.0 3.5 2 0 4 0 0
5879.0 -7696.3 -8.7 297 0 12.6 20.5 14.0 3.5 2 1 4 1 1
5754.4 -8063.3 -13.4 209 0 11.2 23.7 14.0 3.5 2 1 4 1 1
5659.2 -8218.9 -13.7 208 0 27.6 16.3 14.0 3.5 2 0 4 5 5
5703.5 -8158.6 -13.1 208 0 12.2 24.3 14.0 3.5 2 1 4 2 2
5921.3 -7640.4 -8.0 299 0 34.8 13.3 14.0 3.5 4 0 4 0 0
2458.6 -6666.6 -7.5 29 0 14.3 20.5 15.0 0.0 0 1 6 3 3
3925.7 -4480.3 -10.9 118 0 13.6 23.8 10.0 2.5 2 1 4 0 0
3552.5 -4352.8 -10.6 118 0 14.1 71.0 7.5 2.5 2 1 3 2 2
2058.6 -4332.0 -4.9 316 0 18.3 33.7 12.5 0.0 0 1 5 3 3
3499.5 -4363.2 -10.6 119 0 18.1 42.3 5.0 2.5 2 1 2 3 3
2881.5 -6510.7 5.3 119 0 29.2 25.6 10.0 0.0 0 0 4 3 3
4287.8 -7068.1 -9.7 119 0 14.5 59.5 10.0 0.0 0 1 4 5 5
872.0 -10467.4 -13.3 300 0 13.3 9.5 2.5 2.5 4 0 1 2 2
2059.0 -4427.4 -1.1 228 0 32.2 14.0 10.0 2.5 2 0 4 0 0
3944.4 -4444.9 -10.9 118 0 13.6 23.8 12.5 2.5 2 1 5 5 5
2719.3 -6382.3 -8.6 211 0 62.3 26.8 10.0 0.0 0 0 4 4 4
3799.2 -7067.1 -9.2 298 0 24.1 42.8 7.5 0.0 0 1 3 3 3
841.8 -10199.7 -14.7 29 0 19.1 20.8 10.0 2.5 2 1 4 1 1
2794.6 -6676.2 0.3 122 0 24.5 24.0 10.0 0.0 0 0 4 2 2
630.1 -10583.1 -15.6 297 0 27.8 99.6 10.0 0.0 0 1 4 3 3
3705.3 -7020.1 -9.8 297 0 13.4 37.3 10.0 2.5 2 1 4 2 2
844.7 -10446.9 -13.3 298 0 26.0 17.5 7.5 2.5 2 0 3 1 1
869.9 -10224.4 -14.9 208 0 14.9 51.6 10.0 2.5 2 1 4 3 3
2790.5 -8413.0 -11.0 298 0 23.5 30.0 15.0 0.0 0 1 6 0 0
3963.1 -4409.9 -10.9 118 0 13.6 23.8 10.0 2.5 2 1 4 2 2
3472.0 -4733.3 -9.0 208 0 24.2 36.9 10.0 0.0 0 1 4 3 3
2018.6 -4432.7 1.1 48 0 23.3 16.0 12.5 2.5 2 0 5 3 3
2654.7 -7023.0 -2.1 28 0 20.9 40.2 7.5 0.0 0 1 3 2 2
2808.6 -6297.4 -7.1 208 0 28.6 18.7 12.5 2.5 2 0 5 1 1
3880.5 -7069.2 -8.6 298 0 17.9 8.5 7.5 2.5 2 0 3 2 2
2342.1 -4716.1 -10.7 53 0 14.3 16.8 8.0 2.5 2 1 2 4 4
693.0 -10518.5 -13.9 208 0 32.7 10.9 7.5 2.5 2 0 3 0 0
2027.3 -4449.6 0.2 228 0 27.9 17.2 12.5 2.5 2 0 5 1 1
3587.1 -4283.1 -10.6 118 0 14.8 49.4 7.5 2.5 2 1 3 5 5
658.1 -10419.1 -14.5 210 0 18.8 38.4 10.0 2.5 2 1 4 5 5
2737.2 -6644.7 -0.6 117 0 27.5 27.4 10.0 0.0 0 0 4 0 0
666.9 -10665.3 -15.8 28 0 91.5 33.0 10.0 0.0 0 0 4 0 0
3742.8 -7034.4 -8.9 299 0 24.2 43.0 7.5 0.0 0 1 3 5 5
4037.6 -7088.7 -11.1 296 0 64.7 19.2 10.0 2.5 2 0 4 2 2
2347.8 -4746.5 -9.9 226 0 30.3 17.2 7.5 2.5 2 0 3 4 4
3925.9 -4530.3 -11.0 118 0 19.7 150.3 10.0 0.0 0 1 4 3 3
2923.0 -10170.0 -12.1 28 0 51.8 23.0 10.0 2.5 2 0 4 4 4
3529.7 -4313.7 -10.6 118 0 14.5 36.5 12.5 0.0 0 1 5 1 1
2082.3 -4362.0 -4.5 317 0 18.0 40.5 12.5 2.5 2 1 5 4 4
3878.4 -7157.8 -9.8 126 0 14.9 10.5 5.0 2.5 2 0 2 0 0
897.2 -10480.8 -13.6 297 0 20.9 6.5 5.0 2.5 4 0 2 3 3
2744.8 -8508.7 -9.7 299 0 28.8 23.7 10.0 0.0 0 0 4 4 4
2719.8 -6465.8 -7.4 207 0 34.3 14.6 10.0 2.5 2 0 4 3 3
2315.6 -4767.3 -9.3 232 0 28.6 14.7 7.5 2.5 2 0 3 4 4
3821.4 -7083.1 -9.4 296 0 13.4 38.5 7.5 2.5 4 1 3 5 5
3760.4 -4375.6 -10.8 118 0 12.7 48.9 10.0 2.5 2 1 4 3 3
2770.9 -6761.8 -2.1 299 0 39.0 24.6 10.0 0.0 0 0 4 4 4
633.9 -10479.6 -14.6 207 0 31.9 26.5 10.0 0.0 0 0 4 1 1
2950.3 -10095.5 -11.5 28 0 47.0 7.0 7.5 2.5 2 0 3 3 3
3685.1 -6999.2 -10.0 298 0 24.3 44.7 10.0 0.0 0 1 4 2 2
2758.3 -6132.1 -3.2 208 0 22.2 9.7 5.0 2.5 2 0 2 0 0
3833.3 -7017.8 -8.5 298 0 42.3 10.7 7.5 2.5 2 0 3 3 3
3853.1 -4636.6 -11.0 118 0 22.3 58.3 7.5 2.5 2 1 3 5 5
4117.3 -7130.2 -9.9 300 0 43.4 18.2 10.0 0.0 0 0 4 0 0
2774.2 -8445.4 -10.2 299 0 23.8 33.2 7.5 0.0 0 1 3 4 4
2818.4 -6459.5 -0.2 206 0 26.6 26.8 10.0 0.0 0 1 4 4 4
3725.2 -4446.0 -10.8 118 0 12.9 73.4 7.5 2.5 2 1 3 4 4
3906.8 -4517.1 -11.0 118 0 13.6 23.8 7.5 2.5 2 1 3 4 4
2428.5 -6650.3 -9.0 32 0 17.7 23.4 12.5 2.5 2 1 5 5 5
2937.5 -10087.9 -11.3 29 0 46.6 8.0 7.5 2.5 2 0 3 4 4
3681.1 -7505.9 -12.8 272 0 15.0 40.3 17.5 0.0 0 1 7 1 1
2672.2 -6883.2 -3.2 28 0 21.6 19.6 7.5 2.5 2 0 3 0 0
2128.0 -4413.2 -4.3 318 0 14.7 28.7 7.5 2.5 2 1 3 3 3
2726.4 -6181.9 -4.3 207 0 24.8 16.4 10.0 2.5 2 0 4 1 1
3803.3 -7027.7 -8.4 297 0 45.0 11.9 10.0 2.5 2 0 4 1 1
2624.8 -6586.6 -4.8 120 0 24.6 68.0 10.0 0.0 0 1 4 1 1
2307.5 -4747.4 -9.8 52 0 26.7 16.8 10.0 2.5 2 0 4 1 1
860.6 -10676.1 -15.1 298 0 26.0 74.2 10.0 0.0 0 1 4 1 1
3775.8 -6995.9 -9.2 298 0 18.2 29.7 12.5 2.5 2 1 5 0 0
3841.8 -4662.8 -11.0 116 0 34.9 11.3 10.0 2.5 2 0 4 3 3
2757.5 -8480.0 -9.6 298 0 28.0 13.4 10.0 2.5 2 0 4 0 0
2756.6 -6424.2 -9.0 205 0 23.7 26.6 12.5 0.0 0 1 5 5 5
3840.5 -7137.3 -9.7 121 0 12.9 9.7 7.5 2.5 2 0 3 3 3
2719.9 -6902.1 -2.5 28 0 22.6 42.5 10.0 0.0 0 1 4 1 1
2672.8 -6614.1 7.7 115 0 26.6 24.8 10.0 0.0 0 0 4 5 5
3765.4 -7050.7 -8.7 297 0 12.5 40.9 10.0 2.5 2 1 4 1 1
2810.8 -10105.9 -12.0 118 0 63.9 18.7 12.5 2.5 2 0 5 4 4
3799.6 -6884.4 -8.8 115 0 12.2 16.0 10.0 2.5 2 1 4 2 2
3883.2 -4579.2 -11.0 118 0 16.9 15.8 12.5 2.5 2 0 5 2 2
2782.8 -7029.1 -6.0 208 0 19.8 20.7 7.5 2.5 2 1 3 5 5
5740.4 -6688.4 -11.4 265 0 42.4 15.4 15.0 0.0 0 0 6 0 0
6746.8 -5579.7 -9.4 180 0 43.8 11.3 10.0 2.5 2 0 4 0 0
6707.3 -5484.2 -10.4 180 0 55.5 11.5 10.0 2.5 2 0 4 3 3
6689.3 -5586.9 -10.1 180 0 61.0 13.0 10.0 2.5 2 0 4 4 4
6670.3 -5443.3 -11.4 180 0 9.6 15.6 7.5 2.5 2 1 3 3 3
6691.5 -5481.4 -10.9 180 0 60.4 11.5 10.0 2.5 4 0 4 4 4
6652.2 -5484.0 -11.5 179 0 45.4 11.4 10.0 2.5 2 0 4 2 2
6676.5 -5483.1 -11.3 180 0 63.8 10.9 12.5 2.5 2 0 5 2 2
6730.8 -5476.0 -10.2 180 0 44.0 11.2 7.5 2.5 2 0 3 4 4
4928.0 2075.1 -10.4 153 0 98.1 27.7 7.5 0.0 0 0 3 3 3
4283.0 -4839.2 -11.4 120 0 15.1 35.9 10.0 2.5 2 1 4 0 0
4077.8 -5432.0 -14.3 207 0 16.9 64.0 10.0 2.5 2 1 4 5 5
4071.7 -3447.0 -10.4 297 0 19.9 8.0 2.5 2.5 2 0 1 4 4
5185.4 1034.7 -10.3 246 0 18.4 28.6 7.5 2.5 4 1 3 4 4
5226.2 1222.1 -10.4 244 0 19.4 26.6 10.0 2.5 2 1 4 4 4
4060.5 -5465.7 -13.3 207 0 12.3 31.3 10.0 2.5 2 1 4 3 3
4458.4 2818.5 -10.3 153 0 19.2 17.0 7.5 2.5 2 0 3 0 0
4641.0 2287.9 -10.2 62 0 29.5 32.8 10.0 0.0 0 1 4 3 3
4383.5 2389.7 -10.1 248 0 21.1 19.6 7.5 2.5 2 0 3 1 1
4265.5 -4880.1 -11.4 116 0 11.7 27.9 10.0 0.0 0 1 4 1 1
2329.3 -5417.6 -4.3 122 0 6.5 7.7 7.5 2.5 2 1 3 4 4
4886.0 2007.5 -10.3 151 0 24.1 17.3 12.5 2.5 2 0 5 4 4
4997.8 2158.2 -10.5 332 0 13.3 24.3 10.0 2.5 2 1 4 4 4
5156.3 1186.2 -10.3 244 0 31.4 20.1 10.0 0.0 0 0 4 0 0
4039.2 -5512.0 -11.2 205 0 16.7 46.8 10.0 0.0 0 1 4 0 0
4556.9 3159.9 -10.6 333 0 80.6 34.0 10.0 0.0 0 0 4 4 4
4760.2 2672.9 -10.5 332 0 118.9 30.5 7.5 0.0 0 0 3 0 0
4714.8 2347.4 -10.3 331 0 35.6 62.9 7.5 0.0 0 1 3 2 2
4308.0 2343.5 -10.0 155 0 20.8 36.0 7.5 0.0 0 1 3 4 4
4278.7 2307.9 -10.0 151 0 31.5 18.1 7.5 2.5 4 0 3 2 2
4740.5 2077.3 -10.2 60 0 32.4 35.8 10.0 0.0 0 1 4 3 3
2356.8 -5432.9 -3.7 118 0 11.3 28.8 10.0 2.5 2 1 4 2 2
5061.4 2115.5 -10.5 333 0 25.3 12.1 10.0 2.5 4 0 4 3 3
4805.3 2110.1 -10.3 61 0 36.3 30.1 10.0 0.0 0 0 4 5 5
4018.5 -5555.2 -11.5 207 0 45.1 47.3 10.0 0.0 0 1 4 3 3
4837.1 2533.8 -10.5 333 0 118.8 31.9 10.0 0.0 0 0 4 4 4
5363.2 1531.6 -10.6 331 0 119.6 22.2 10.0 0.0 0 0 4 4 4
4701.4 2059.5 -10.2 61 0 28.8 30.4 10.0 0.0 0 1 4 3 3
5291.0 1399.8 -10.5 152 0 195.6 88.3 10.0 0.0 0 0 4 0 0
2370.8 -5452.1 -4.4 116 0 14.5 5.8 2.5 2.5 4 0 1 1 1
2241.7 -7172.9 -6.3 27 0 17.5 22.7 7.5 2.5 2 1 3 2 2
2239.3 -7421.9 -7.8 119 0 61.3 14.5 7.5 2.5 2 0 3 3 3
1171.5 -3330.1 -9.1 139 0 28.0 12.6 7.5 2.5 2 0 3 1 1
2522.2 -7483.4 -8.1 294 0 7.3 6.5 7.5 2.5 2 0 3 4 4
2194.1 -7123.0 -7.8 26 0 60.6 29.2 12.5 0.0 0 0 5 4 4
1305.1 -3004.4 -10.3 343 0 35.9 16.5 7.5 0.0 0 0 3 5 5
2153.1 -7321.0 -5.8 28 0 35.7 7.4 7.5 2.5 4 0 3 5 5
1154.7 -2127.5 -1.6 153 0 15.9 25.3 10.0 2.5 2 1 4 3 3
2975.5 -6844.2 -7.0 300 0 22.0 19.3 7.5 2.5 4 0 3 0 0
2238.7 -7432.5 -8.5 298 0 67.2 23.3 12.5 0.0 0 0 5 3 3
2116.0 -7071.3 -9.9 298 0 18.8 37.4 7.5 0.0 0 1 3 2 2
1265.3 -2884.9 -8.0 342 0 9.7 12.9 7.5 2.5 2 1 3 5 5
1304.3 -3367.4 -8.8 343 0 35.0 19.0 12.5 0.0 0 0 5 1 1
2177.6 -7278.2 -4.4 28 0 36.9 7.6 7.5 2.5 2 0 3 0 0
2055.2 -7046.7 -10.9 298 0 63.8 25.7 10.0 0.0 0 0 4 5 5
1292.4 -3333.9 -9.0 345 0 21.9 13.0 7.5 2.5 2 0 3 3 3
2532.9 -7472.4 -8.1 297 0 14.7 8.2 7.5 2.5 2 0 3 2 2
1381.2 -3083.1 -9.1 327 0 19.3 10.4 7.5 2.5 2 0 3 2 2
2215.6 -7215.1 -5.9 356 0 19.7 16.9 10.0 2.5 2 0 4 0 0
1260.9 -3350.6 -9.1 139 0 13.9 10.8 5.0 2.5 2 0 2 2 2
2522.8 -7438.5 -8.0 298 0 6.2 26.5 7.5 2.5 2 1 3 2 2
3894.4 -384.1 -9.3 63 0 23.4 25.9 7.5 2.5 2 1 3 2 2
1247.2 -3400.7 -9.2 139 0 27.9 17.7 12.5 2.5 2 0 5 2 2
1676.3 -6790.1 -11.8 299 0 13.2 12.2 7.5 2.5 2 0 3 3 3
4267.5 -6648.5 -10.0 117 0 32.0 11.8 7.5 2.5 2 0 3 5 5
3842.2 -6832.1 -11.6 119 0 22.6 61.7 10.0 2.5 2 1 4 5 5
3725.3 -6504.0 -10.4 28 0 13.5 57.5 12.5 2.5 2 1 5 0 0
3649.2 -6461.6 -12.4 27 0 16.1 41.2 10.0 2.5 2 1 4 1 1
3886.6 -6741.8 -10.5 117 0 13.1 17.3 10.0 2.5 2 1 4 1 1
3853.3 -6579.4 -11.2 117 0 56.5 15.1 12.5 0.0 0 0 5 2 2
3797.4 -6906.4 -9.7 118 0 12.6 17.8 7.5 2.5 2 1 3 5 5
3781.9 -6541.3 -12.1 117 0 41.8 17.3 10.0 2.5 2 0 4 3 3
748.7 -9530.3 -12.3 27 0 30.2 10.6 7.5 2.5 2 0 3 2 2
791.2 -9449.1 -13.0 28 0 51.1 20.9 5.0 2.5 4 0 2 2 2
798.7 -9572.2 -13.1 28 0 243.2 20.5 15.0 0.0 0 0 6 5 5
974.2 -9243.1 -12.5 28 0 492.2 21.4 10.0 0.0 0 0 4 3 3
1258.1 -8688.4 -12.3 298 0 21.8 367.7 10.0 0.0 0 1 4 4 4
804.4 -10833.0 -15.7 118 0 15.3 134.6 10.0 0.0 0 1 4 5 5
707.5 -10692.1 -16.8 208 0 43.9 10.0 7.5 2.5 2 0 3 0 0
1442.1 -10839.0 -15.8 118 0 16.4 68.8 10.0 2.5 2 1 4 1 1
1515.2 -10788.4 -15.7 26 0 13.8 12.7 2.5 2.5 2 0 1 3 3
1511.0 -10802.8 -15.9 26 0 7.2 4.2 7.5 2.5 2 0 3 1 1
1477.4 -10715.6 -14.8 218 0 10.3 17.8 10.0 0.0 0 1 4 3 3
3753.6 -12096.3 -16.5 28 0 19.0 24.1 10.0 2.5 2 1 4 5 5
3131.4 -9154.3 -11.0 26 0 12.6 221.3 2.5 0.0 0 1 1 3 3
1228.6 -8034.0 -11.1 118 0 27.0 105.6 5.0 0.0 0 1 2 4 4
1176.7 -8006.6 -10.8 118 0 27.0 105.6 5.0 0.0 0 1 2 2 2
1324.8 -8087.7 -12.9 118 0 27.0 105.6 5.0 0.0 0 1 2 0 0
1528.4 -8144.3 -12.0 28 0 105.6 27.0 5.0 0.0 0 0 2 4 4
1478.2 -8117.5 -11.8 28 0 105.6 27.0 5.0 0.0 0 0 2 1 1
1389.7 -8130.5 -11.5 118 0 27.0 105.6 5.0 0.0 0 1 2 0 0
1578.7 -8173.3 -12.8 28 0 105.6 27.0 5.0 0.0 0 0 2 2 2
1278.8 -8060.9 -11.9 118 0 27.0 105.6 5.0 0.0 0 1 2 5 5
3838.9 -11611.2 -16.1 208 0 116.0 20.6 7.5 0.0 0 0 3 4 4
3648.8 -11506.7 -16.0 208 0 116.0 20.6 7.5 0.0 0 0 3 3 3
2758.9 -12132.8 -16.1 297 0 27.3 26.7 10.0 0.0 0 0 4 1 1
2781.2 -12159.6 -16.2 300 0 21.5 46.8 10.0 2.5 2 1 4 4 4
3169.8 -11783.7 -14.1 28 0 20.2 24.7 5.0 2.5 2 1 2 4 4
3573.9 -11472.9 -15.5 27 0 21.7 45.4 7.5 2.5 2 1 3 0 0
3574.4 -11422.0 -14.9 295 0 45.1 20.0 10.0 2.5 2 0 4 1 1
1349.9 -7711.9 -10.5 298 0 30.2 31.8 10.0 0.0 0 1 4 1 1
1323.5 -7758.5 -9.9 298 0 29.1 30.7 7.5 0.0 0 1 3 1 1
