6272.7 -12444.6 -15.3 271 0 34.8 32.4 14.0 0.0 0 0 4 3 3
6348.5 -12054.3 -6.6 34 0 80.7 21.0 14.0 0.0 0 0 4 4 4
6619.1 -9733.6 -18.4 270 0 21.0 21.5 14.0 3.5 2 1 4 0 0
5101.7 -10598.8 -15.6 72 0 121.5 73.2 14.0 0.0 0 0 4 5 5
5308.1 -10308.9 -16.1 163 0 48.1 57.0 10.5 0.0 0 1 3 4 4
6162.1 -8138.1 -16.1 322 0 19.9 49.8 10.5 3.5 2 1 3 3 3
6869.5 -9150.1 -18.2 232 0 44.4 9.4 10.5 3.5 2 0 3 3 3
6441.2 -8648.6 -17.0 140 0 7.8 11.8 7.5 2.5 2 1 3 0 0
6264.6 -8281.6 -16.3 320 0 6.1 31.5 10.5 0.0 0 1 3 1 1
6881.8 -9125.6 -18.1 51 0 43.3 26.8 10.5 0.0 0 0 3 4 4
6640.2 -8831.3 -17.5 53 0 24.7 18.9 7.5 2.5 2 0 3 2 2
6723.3 -8902.1 -17.7 321 0 5.1 42.2 2.5 2.5 2 1 1 4 4
6767.0 -9059.4 -17.9 232 0 10.3 30.0 10.0 2.5 2 1 4 3 3
6430.1 -8641.8 -17.0 142 0 15.7 16.2 10.0 0.0 0 1 4 5 5
6324.5 -8346.4 -16.5 321 0 10.3 40.3 14.0 3.5 2 1 4 3 3
6486.0 -8713.1 -17.2 141 0 45.6 122.5 10.0 0.0 0 1 4 0 0
6290.4 -8340.5 -16.4 320 0 38.8 5.5 10.5 3.5 2 0 3 1 1
6680.3 -8902.7 -17.6 232 0 8.9 13.7 7.5 2.5 2 1 3 2 2
6302.1 -8331.3 -16.4 320 0 38.2 6.2 10.5 0.0 0 0 3 4 4
6665.0 -8913.6 -17.6 232 0 11.7 14.5 5.0 2.5 2 1 2 1 1
6477.2 -8545.9 -16.9 320 0 45.1 45.2 7.5 0.0 0 1 3 2 2
6276.8 -8303.8 -16.4 320 0 19.1 24.3 14.0 3.5 2 1 4 3 3
6694.4 -8953.1 -17.7 46 0 15.6 21.9 7.5 2.5 2 1 3 5 5
6752.8 -8897.1 -17.7 341 0 15.6 21.6 10.0 2.5 2 1 4 3 3
6904.2 -7939.0 -16.6 239 0 6.1 7.7 2.5 2.5 2 1 1 0 0
6702.3 -11552.5 -15.2 342 0 42.2 26.4 10.5 0.0 0 0 3 0 0
4153.6 -10904.3 -16.4 342 0 49.7 47.6 12.5 0.0 0 0 5 5 5
4671.5 -10519.9 -15.3 343 0 29.7 34.6 20.0 0.0 0 0 8 4 4
4627.9 -10549.2 -14.3 72 0 31.4 29.7 50.0 0.0 0 0 20 1 1
6913.4 -6500.2 -14.9 345 0 34.1 21.1 5.0 2.5 2 0 2 5 5
6864.0 -6641.9 -15.0 29 0 17.9 23.3 7.0 3.5 4 1 2 1 1
6806.1 -6747.4 -15.1 144 0 15.6 20.7 7.0 3.5 2 1 2 2 2
6842.6 -6723.8 -15.1 29 0 24.0 16.9 10.5 3.5 2 0 3 4 4
6725.5 -6822.4 -15.1 341 0 18.2 12.0 7.0 3.5 2 0 2 0 0
6721.0 -6788.0 -15.0 3 0 42.7 17.4 14.0 3.5 4 0 4 4 4
6794.0 -6853.4 -15.2 238 0 22.4 59.9 17.5 3.5 2 1 5 3 3
6886.8 -9764.8 -16.7 47 0 18.8 24.0 10.5 3.5 2 1 3 0 0
6790.8 -9815.0 -14.5 231 0 14.7 9.6 3.5 3.5 2 0 1 1 1
6768.0 -9843.7 -15.3 236 0 14.3 25.9 10.5 0.0 0 1 3 0 0
5898.2 -10884.5 -16.4 23 0 19.9 19.5 14.0 3.5 2 0 4 3 3
6453.0 -7873.4 -16.0 11 0 21.4 70.4 10.5 3.5 2 1 3 0 0
2039.6 -12151.9 -15.1 352 0 88.4 27.4 10.0 0.0 0 0 4 5 5
2023.0 -12064.8 -14.7 349 0 77.8 26.5 10.0 0.0 0 0 4 1 1
6912.8 -8347.2 -17.1 342 0 76.5 20.6 14.0 0.0 0 0 4 3 3
6639.1 -8088.2 -16.5 340 0 19.6 30.3 10.5 3.5 2 0 3 5 5
6628.4 -8022.5 -16.4 279 0 18.7 31.5 10.5 3.5 2 1 3 2 2
6646.4 -7998.7 -16.4 279 0 51.1 20.4 10.5 0.0 0 0 3 4 4
6573.2 -8005.8 -16.3 10 0 30.7 20.9 14.0 3.5 2 0 4 5 5
6534.3 -8009.5 -16.3 321 0 21.0 53.2 14.0 3.5 2 1 4 2 2
6513.6 -8004.3 -16.2 320 0 11.0 41.0 14.0 3.5 2 1 4 3 3
6588.2 -7992.1 -16.3 278 0 12.0 41.3 10.5 3.5 2 1 3 3 3
6589.2 -7983.4 -16.3 18 0 12.3 49.5 14.0 3.5 2 1 4 3 3
6663.6 -8230.2 -16.7 332 0 10.7 40.5 17.5 3.5 4 1 5 1 1
6485.6 -8056.5 -16.3 319 0 11.4 41.2 14.0 3.5 2 1 4 3 3
6490.0 -7864.7 -16.0 31 0 21.1 20.9 14.0 3.5 2 0 4 4 4
6470.2 -7883.7 -16.0 318 0 10.8 59.7 14.0 3.5 2 1 4 1 1
6412.4 -7946.4 -16.1 30 0 20.6 60.7 14.0 3.5 2 1 4 3 3
6349.4 -7984.2 -16.0 26 0 12.0 50.9 10.5 3.5 2 1 3 1 1
6394.4 -7975.9 -16.1 27 0 12.8 71.0 14.0 3.5 2 1 4 4 4
6490.8 -7839.8 -16.0 44 0 12.2 40.7 14.0 3.5 2 1 4 4 4
6489.4 -8157.4 -16.4 0 0 10.9 20.8 7.0 3.5 2 1 2 5 5
6537.8 -8124.9 -16.4 315 0 10.6 52.3 14.0 3.5 2 1 4 1 1
6895.6 -8424.2 -17.2 95 0 73.6 17.8 14.0 3.5 2 0 4 0 0
6455.0 -7667.5 -15.8 23 0 44.5 21.0 14.0 3.5 4 0 4 2 2
6428.7 -7641.1 -15.7 21 0 41.9 11.1 14.0 0.0 0 0 4 3 3
6445.7 -8090.1 -16.3 290 0 19.0 11.2 10.5 3.5 2 0 3 2 2
3513.5 -10319.7 -11.3 33 0 14.6 12.9 7.5 2.5 2 0 3 4 4
3489.7 -10628.5 -12.9 67 0 6.8 30.8 7.5 2.5 2 1 3 2 2
4458.3 -10266.8 -14.2 71 0 20.4 9.2 7.5 0.0 0 0 3 0 0
4942.3 -10106.6 -12.8 73 0 18.9 10.1 10.5 0.0 0 0 3 2 2
4942.4 -10145.2 -12.9 250 0 18.1 10.1 14.0 0.0 0 0 4 5 5
5379.4 -10000.0 -14.1 251 0 17.4 10.3 14.0 3.5 2 0 4 2 2
5378.8 -9962.3 -14.6 74 0 18.8 10.3 14.0 3.5 2 0 4 4 4
5628.2 -9817.5 -15.8 162 0 70.7 52.9 10.5 0.0 0 0 3 4 4
5749.0 -9878.0 -13.8 251 0 17.4 10.3 14.0 3.5 2 0 4 5 5
5749.5 -9840.4 -14.1 74 0 18.8 10.3 10.5 3.5 2 0 3 3 3
3867.3 -10665.4 -14.8 62 0 13.2 6.6 7.5 0.0 0 0 3 1 1
3939.7 -10725.5 -14.4 59 0 7.5 21.1 7.5 0.0 0 1 3 3 3
5878.9 -10123.4 -14.5 162 0 49.9 65.0 14.0 0.0 0 1 4 4 4
5973.7 -10011.0 -13.8 251 0 5.0 34.3 10.5 3.5 2 0 3 3 3
5887.3 -10035.4 -14.3 251 0 54.3 46.3 14.0 0.0 0 0 4 2 2
5902.6 -10333.5 -15.4 71 0 87.5 85.7 14.0 0.0 0 0 4 2 2
5664.3 -10143.8 -15.7 163 0 40.8 56.5 10.5 0.0 0 1 3 4 4
4884.7 -10268.6 -15.4 228 0 29.2 28.2 10.0 0.0 0 0 4 4 4
3754.5 -12543.7 -20.1 158 0 7.4 22.7 5.0 0.0 0 1 2 3 3
6892.0 -9917.0 -16.3 183 0 15.1 12.1 3.5 3.5 2 0 1 3 3
6919.2 -9912.4 -16.3 40 0 14.6 15.4 3.5 3.5 2 1 1 2 2
6921.4 -9893.5 -16.3 40 0 14.6 15.4 3.5 3.5 2 1 1 1 1
6923.2 -9873.3 -16.3 40 0 14.6 15.4 3.5 3.5 2 1 1 5 5
6924.2 -9838.7 -16.2 310 0 15.4 14.6 3.5 3.5 2 0 1 1 1
6919.1 -9827.2 -16.2 130 0 15.4 14.6 3.5 3.5 2 0 1 4 4
6923.2 -9803.0 -16.9 130 0 15.4 14.6 3.5 3.5 2 0 1 3 3
6919.4 -9771.0 -17.6 130 0 13.3 7.8 3.5 3.5 2 0 1 1 1
6674.2 -7617.4 -15.9 181 0 13.9 28.2 14.0 0.0 0 1 4 3 3
6759.4 -7921.7 -16.4 97 0 13.8 7.7 10.5 3.5 2 0 3 0 0
6502.2 -7697.8 -15.8 244 0 32.3 7.5 10.5 3.5 2 0 3 2 2
6742.5 -7502.0 -15.9 67 0 11.5 16.5 14.0 3.5 2 1 4 5 5
6768.7 -7534.8 -15.9 8 0 6.6 6.6 10.5 0.0 0 0 3 3 3
6846.3 -7450.3 -15.9 183 0 5.3 13.7 10.5 3.5 4 1 3 5 5
6869.6 -8170.1 -16.8 92 0 24.4 100.5 14.0 0.0 0 0 4 3 3
6807.7 -8058.0 -16.6 1 0 4.8 26.1 10.5 3.5 2 1 3 3 3
6520.5 -7817.0 -16.0 45 0 4.4 5.8 7.0 3.5 2 1 2 5 5
5513.5 -10244.9 -15.1 162 0 42.3 122.8 14.0 0.0 0 1 4 5 5
6735.1 -8156.4 -16.7 70 0 18.0 87.1 10.5 0.0 0 1 3 1 1
6561.8 -8208.3 -16.5 1 0 10.8 31.0 14.0 3.5 4 1 4 3 3
6566.3 -8157.7 -16.5 318 0 11.4 50.7 10.5 3.5 4 1 3 0 0
6618.7 -8236.4 -16.6 50 0 21.8 70.7 10.5 3.5 2 1 3 1 1
