-5845.6 1983.2 -2.9 150 0 14.3 11.2 10.0 2.5 2 0 4 2 2
-5885.0 1978.9 -3.8 330 0 11.3 19.9 5.0 2.5 2 1 2 1 1
-5714.8 1748.6 -0.6 150 0 6.3 47.9 5.0 2.5 2 1 2 3 3
-5514.4 1671.8 -0.4 150 0 9.1 20.8 5.0 2.5 2 1 2 1 1
-5417.9 1615.3 -2.5 330 0 13.0 19.5 7.5 2.5 2 1 3 2 2
-5113.0 1425.4 0.3 150 0 15.5 17.8 7.5 2.5 2 1 3 2 2
-5009.5 1295.6 -1.1 150 0 10.6 14.3 5.0 2.5 2 1 2 2 2
-5282.0 1119.2 1.7 60 0 10.1 15.1 10.0 2.5 2 1 4 2 2
-5307.6 1239.3 -1.0 330 0 8.1 19.2 7.5 2.5 2 1 3 4 4
-5326.4 1246.3 -0.9 331 0 15.2 23.6 7.5 0.0 0 1 3 5 5
-5284.4 1057.7 0.7 241 0 25.6 18.4 12.5 2.5 4 0 5 2 2
-5238.4 927.7 1.6 150 0 16.4 23.2 10.0 2.5 2 1 4 4 4
-5184.5 952.2 1.8 330 0 5.6 7.4 2.5 2.5 2 1 1 0 0
-5264.0 965.3 0.5 149 0 9.7 50.7 7.5 2.5 2 1 3 4 4
-4866.7 893.6 0.8 62 0 12.2 9.4 7.5 2.5 2 0 3 1 1
-4881.0 898.2 1.6 63 0 9.3 12.3 2.5 2.5 2 1 1 0 0
-4863.7 1002.7 3.2 151 0 9.9 18.3 7.5 2.5 2 1 3 1 1
-5131.2 1476.0 -0.4 60 0 15.7 10.5 5.0 2.5 2 0 2 5 5
-5143.1 1547.1 -1.6 150 0 11.5 9.1 7.5 2.5 2 0 3 3 3
-5129.3 1410.4 0.6 330 0 5.2 6.8 5.0 2.5 2 1 2 3 3
-5171.0 1400.5 -0.0 239 0 13.7 14.3 7.5 2.5 2 1 3 4 4
-5738.5 1367.8 -1.7 60 0 13.5 13.2 10.0 2.5 2 0 4 1 1
-5894.8 1439.1 -3.0 143 0 8.7 5.5 5.0 2.5 2 0 2 5 5
-5755.5 1530.4 -2.5 330 0 6.4 23.4 2.5 2.5 2 1 1 3 3
-5699.1 1592.4 -3.3 329 0 7.8 8.2 7.5 2.5 4 1 3 5 5
-5834.4 1741.3 -1.5 150 0 8.2 13.2 7.5 2.5 2 1 3 5 5
-5181.0 1675.1 1.0 240 0 12.4 10.6 10.0 2.5 2 0 4 3 3
-5178.5 1166.4 -1.4 60 0 5.7 16.8 7.5 2.5 2 1 3 3 3
-5210.7 1236.8 -1.6 330 0 9.4 6.5 7.5 0.0 0 0 3 0 0
-5216.9 1173.1 -0.9 150 0 9.2 8.4 7.5 2.5 2 0 3 0 0
-5192.1 1259.1 -1.5 330 0 7.8 29.9 7.5 2.5 2 1 3 2 2
-5185.2 1241.3 -1.3 330 0 7.1 19.3 7.5 2.5 2 1 3 1 1
-5151.3 1373.2 0.5 330 0 12.7 7.9 5.0 2.5 2 0 2 3 3
-5190.8 1324.2 0.0 150 0 14.6 20.6 10.0 2.5 2 1 4 5 5
-5180.6 1714.3 -0.4 330 0 9.8 18.6 7.5 0.0 0 1 3 1 1
-5296.3 1746.0 -0.7 150 0 16.1 7.5 5.0 2.5 2 0 2 2 2
-5340.1 1830.1 -1.3 150 0 8.8 8.9 7.5 2.5 2 1 3 5 5
-5062.4 1895.8 -2.2 150 0 8.4 8.0 7.5 2.5 2 0 3 4 4
-5033.5 1950.7 -2.9 330 0 10.0 16.2 5.0 2.5 4 1 2 2 2
-5141.9 2149.2 -3.3 330 0 11.5 6.7 5.0 0.0 0 0 2 3 3
-5166.5 2138.6 -3.6 330 0 5.4 9.3 5.0 0.0 0 1 2 4 4
-5237.7 2235.8 -2.1 330 0 40.8 8.5 7.5 2.5 2 0 3 4 4
-4981.3 -44.5 0.8 138 0 31.2 119.3 12.5 0.0 0 1 5 2 2
-4953.1 41.8 1.9 228 0 10.0 10.8 5.0 2.5 4 1 2 3 3
-4932.5 -58.8 2.1 48 0 4.5 3.5 7.5 2.5 2 0 3 5 5
-5031.6 4.8 -0.2 228 0 18.4 8.3 7.5 2.5 2 0 3 4 4
-4942.7 155.9 -0.3 228 0 5.7 4.7 7.5 2.5 2 0 3 2 2
-4809.1 -145.6 3.8 48 0 10.9 22.5 5.0 2.5 2 1 2 2 2
-3632.9 -1459.5 1.4 230 0 15.4 78.6 12.5 2.5 2 1 5 5 5
-3608.5 -1438.9 2.2 230 0 15.4 78.6 12.5 2.5 2 1 5 3 3
-3532.4 -1477.3 3.0 50 0 15.4 78.6 15.0 0.0 0 1 6 2 2
-3666.2 -1421.7 3.3 48 0 15.4 78.6 7.5 2.5 4 1 3 2 2
-3641.8 -1399.9 3.5 48 0 15.4 78.6 7.5 2.5 2 1 3 2 2
-3619.1 -1378.1 3.4 48 0 15.4 78.6 10.0 2.5 2 1 4 1 1
-3672.6 -1479.3 2.9 230 0 6.9 13.7 7.5 2.5 2 1 3 0 0
-3696.5 -1467.0 3.1 139 0 5.6 6.4 7.5 2.5 2 1 3 5 5
-3825.3 -1368.5 0.4 320 0 16.9 48.1 7.5 0.0 0 1 3 1 1
-2975.0 -880.5 4.3 229 0 15.4 78.6 12.5 0.0 0 1 5 2 2
-2950.9 -859.6 5.1 229 0 15.4 78.6 7.5 2.5 2 1 3 0 0
-2925.5 -837.2 3.6 229 0 15.4 78.6 10.0 0.0 0 1 4 5 5
-3007.4 -844.8 3.4 49 0 15.4 78.6 12.5 2.5 2 1 5 4 4
-2983.3 -823.8 2.9 49 0 15.4 78.6 10.0 2.5 2 1 4 5 5
-2957.9 -801.4 2.8 49 0 15.4 78.6 10.0 2.5 2 1 4 1 1
-3033.7 -889.8 3.2 50 0 6.8 5.6 7.5 2.5 2 0 3 1 1
-3019.2 -908.0 2.9 230 0 6.7 13.0 7.5 2.5 2 1 3 1 1
-2524.9 -1472.2 1.6 229 0 6.9 11.9 7.5 2.5 4 1 3 5 5
-576.4 -85.6 -4.6 49 0 11.1 60.4 12.5 2.5 2 1 5 3 3
-591.5 -98.2 -4.8 49 0 11.1 60.4 10.0 2.5 2 1 4 2 2
-652.7 -109.5 -5.5 319 0 60.4 11.1 10.0 2.5 2 0 4 5 5
-676.2 -129.5 -5.9 139 0 60.4 11.1 7.5 2.5 2 0 3 4 4
-659.0 -56.5 -4.3 139 0 5.9 7.4 7.5 2.5 2 1 3 4 4
-1054.2 395.4 -1.4 139 0 5.9 7.4 7.5 2.5 2 1 3 4 4
-1049.0 370.3 -1.2 319 0 5.9 7.4 5.0 2.5 2 1 2 2 2
-1031.5 318.0 -1.3 49 0 11.1 60.4 7.5 2.5 4 1 3 0 0
-971.0 368.2 -2.2 49 0 11.1 60.4 15.0 0.0 0 1 6 1 1
-986.0 355.6 -2.0 49 0 11.1 60.4 7.5 2.5 2 1 3 2 2
-1046.6 305.3 -1.3 49 0 11.1 60.4 10.0 2.5 2 1 4 1 1
-1344.7 191.1 -2.5 229 0 37.9 12.4 5.0 2.5 2 0 2 2 2
-1319.4 212.8 -2.4 229 0 17.9 5.7 7.5 2.5 2 0 3 1 1
-1498.8 391.8 3.7 47 0 12.6 22.7 12.5 2.5 2 1 5 2 2
-1536.2 393.7 2.8 227 0 14.1 26.2 12.5 2.5 2 1 5 0 0
-1627.1 509.4 3.3 227 0 33.0 62.2 12.5 0.0 0 1 5 5 5
-1589.3 543.5 4.4 227 0 31.9 61.8 10.0 0.0 0 1 4 4 4
-1477.0 502.7 3.0 47 0 5.1 3.6 5.0 2.5 2 0 2 1 1
-919.2 -347.9 -3.8 319 0 49.4 10.3 7.5 2.5 2 0 3 2 2
-858.2 -294.8 -3.4 319 0 49.4 10.3 7.5 2.5 2 0 3 0 0
-996.9 -255.8 -3.3 319 0 49.4 10.3 12.5 2.5 2 0 5 0 0
-935.9 -202.7 -3.0 319 0 49.4 10.3 12.5 2.5 2 0 5 4 4
-1060.4 -191.1 -2.3 49 0 10.3 49.4 7.5 2.5 2 1 3 2 2
-999.5 -138.0 -2.6 49 0 10.3 49.4 12.5 2.5 2 1 5 5 5
-1145.0 -72.1 -2.8 319 0 5.3 6.1 5.0 2.5 2 1 2 1 1
-1096.9 -538.5 -2.5 49 0 11.1 60.4 10.0 2.5 2 1 4 5 5
-1112.0 -551.1 -3.1 49 0 11.1 60.4 7.5 2.5 2 1 3 3 3
-1158.3 -592.7 -5.0 49 0 11.1 60.4 5.0 2.5 2 1 2 0 0
-1197.5 -586.3 -4.9 139 0 60.4 11.1 7.5 2.5 2 0 3 0 0
-1492.0 -88.1 -4.1 49 0 11.1 60.4 10.0 0.0 0 1 4 4 4
-1531.2 -81.8 -4.1 139 0 60.4 11.1 10.0 2.5 2 0 4 2 2
-1552.0 -140.9 -3.8 49 0 11.1 60.4 12.5 2.5 2 1 5 3 3
-1591.2 -134.6 -3.4 139 0 60.4 11.1 10.0 2.5 2 0 4 3 3
