-5392.2 -6994.0 -14.0 298 0 107.7 61.0 7.5 0.0 0 0 3 5 5
-5290.5 -7288.7 -22.3 28 0 281.0 56.2 12.5 0.0 0 0 5 2 2
-5815.5 -7449.2 4.2 28 0 37.7 92.4 12.5 0.0 0 1 5 5 5
-4460.4 -5940.6 -8.2 270 0 7.9 17.4 7.5 0.0 0 1 3 0 0
-4348.6 -6069.2 -8.8 360 0 7.0 15.9 7.5 2.5 2 1 3 0 0
-4790.7 -5972.7 -8.1 271 0 16.0 6.8 5.0 2.5 4 0 2 2 2
-4939.8 -5971.8 -9.2 271 0 16.0 6.8 7.5 2.5 2 0 3 3 3
-4868.8 -6327.4 -9.8 91 0 16.0 6.8 7.5 0.0 0 0 3 2 2
-4516.8 -6254.1 -7.4 90 0 7.9 17.4 7.5 2.5 2 1 3 4 4
-4366.3 -6349.3 -7.5 91 0 16.0 6.8 7.5 2.5 2 0 3 0 0
-4327.6 -6050.8 -8.5 360 0 7.0 14.9 7.5 2.5 2 1 3 2 2
-4791.7 -6201.4 -10.4 91 0 16.0 6.8 5.0 2.5 2 0 2 5 5
-4324.1 -5959.5 -8.0 0 0 16.3 6.2 5.0 2.5 2 0 2 4 4
-4830.3 -6071.5 -7.7 270 0 8.4 25.1 7.5 2.5 2 1 3 5 5
-4327.6 -6125.2 -8.9 360 0 7.1 15.0 7.5 0.0 0 1 3 0 0
-4761.1 -5951.1 -7.9 270 0 5.9 16.3 5.0 2.5 2 1 2 3 3
-4791.5 -6121.5 -8.0 271 0 16.0 6.8 2.5 2.5 2 0 1 3 3
-4897.9 -6125.5 -8.3 180 0 8.0 25.2 5.0 2.5 2 1 2 4 4
-4437.9 -6065.5 -10.2 0 0 8.0 25.2 7.5 2.5 2 1 3 2 2
-4970.5 -6142.2 -11.3 181 0 6.8 16.0 7.5 2.5 2 1 3 0 0
-4906.2 -5971.2 -11.4 271 0 16.0 6.8 7.5 2.5 2 0 3 3 3
-4449.6 -5917.7 -5.8 271 0 16.0 6.8 5.0 0.0 0 0 2 4 4
-4324.1 -6086.1 -8.9 0 0 17.2 6.2 7.5 2.5 4 0 3 1 1
-4791.7 -6275.4 -8.5 91 0 16.0 6.8 7.5 2.5 2 0 3 2 2
-4768.7 -5916.9 -7.4 271 0 16.0 6.8 2.5 2.5 2 0 1 1 1
-4535.4 -6242.4 -8.1 90 0 5.9 16.3 7.5 2.5 2 1 3 2 2
-4955.7 -6170.5 -11.1 180 0 17.4 7.9 7.5 2.5 4 0 3 0 0
-4972.9 -6032.2 -10.3 180 0 16.3 5.9 2.5 2.5 2 0 1 4 4
-4931.6 -6346.3 -7.8 91 0 16.0 6.8 7.5 0.0 0 0 3 5 5
-4769.7 -6145.6 -9.1 91 0 16.0 6.8 7.5 2.5 2 0 3 5 5
-4846.3 -5970.6 -9.2 271 0 16.0 6.8 5.0 2.5 2 0 2 0 0
-4324.1 -6315.4 -8.5 0 0 16.3 6.2 7.5 2.5 2 0 3 1 1
-4769.5 -6065.7 -8.6 271 0 16.0 6.8 7.5 2.5 2 0 3 5 5
-4461.9 -6086.7 -10.1 360 0 25.1 8.4 5.0 2.5 2 0 2 4 4
-4399.4 -6127.3 -7.7 0 0 8.0 25.2 5.0 2.5 2 1 2 0 0
-4471.6 -5973.6 -10.4 271 0 16.0 6.8 5.0 2.5 2 0 2 0 0
-4951.4 -6252.6 -10.3 90 0 7.9 17.4 5.0 0.0 0 1 2 0 0
-4968.8 -5950.0 -8.4 270 0 5.9 16.3 7.5 2.5 2 1 3 1 1
-4361.3 -6108.2 -8.1 360 0 16.6 6.4 7.5 2.5 2 0 3 0 0
-4949.2 -6123.0 -10.5 181 0 6.8 16.0 7.5 2.5 2 1 3 3 3
-4399.4 -6065.3 -8.9 0 0 8.0 25.2 5.0 2.5 2 1 2 2 2
-4527.5 -6220.6 -7.6 91 0 16.0 6.8 5.0 2.5 4 0 2 3 3
-4390.4 -5973.7 -8.7 271 0 16.0 6.8 7.5 0.0 0 0 3 1 1
-4973.3 -6159.3 -11.2 180 0 16.3 5.9 7.5 2.5 4 0 3 1 1
-4824.3 -5914.7 -9.5 271 0 16.0 6.8 5.0 0.0 0 0 2 0 0
-4342.4 -5948.6 -7.5 0 0 17.4 5.4 7.5 2.5 2 0 3 4 4
-4362.0 -6181.8 -7.9 0 0 16.7 6.0 5.0 2.5 4 0 2 5 5
-4895.0 -5938.2 -13.2 270 0 7.9 17.4 5.0 0.0 0 1 2 5 5
-4535.0 -6168.0 -8.6 90 0 5.9 16.3 5.0 0.0 0 1 2 5 5
-4479.0 -5952.0 -10.1 270 0 5.9 16.3 5.0 2.5 2 1 2 3 3
-4537.3 -6099.8 -11.2 270 0 5.9 16.3 5.0 2.5 2 1 2 1 1
-4399.1 -6109.0 -7.4 0 0 8.0 25.2 7.5 2.5 2 1 3 2 2
-4885.8 -5996.3 -10.2 270 0 25.2 8.0 7.5 2.5 4 0 3 1 1
-4437.9 -6127.5 -7.0 0 0 8.0 25.2 5.0 2.5 2 1 2 3 3
-4961.3 -5971.6 -8.7 271 0 16.0 6.8 5.0 2.5 2 0 2 5 5
-4879.3 -6308.2 -9.9 91 0 16.0 6.8 7.5 2.5 4 0 3 2 2
-4762.0 -6241.2 -10.2 90 0 5.9 16.3 5.0 2.5 2 1 2 2 2
-4348.5 -6050.8 -8.7 360 0 7.0 15.9 7.5 2.5 2 1 3 0 0
-4327.6 -6217.5 -8.6 360 0 6.9 15.1 7.5 2.5 2 1 3 4 4
-4418.1 -6348.0 -7.6 91 0 16.0 6.8 7.5 2.5 2 0 3 2 2
-4791.5 -6046.7 -8.4 271 0 16.0 6.8 7.5 2.5 2 0 3 0 0
-4799.1 -6167.2 -8.9 90 0 5.9 16.3 7.5 2.5 2 1 3 4 4
-4390.0 -5917.7 -6.1 271 0 16.0 6.8 2.5 2.5 2 0 1 5 5
-4931.8 -5950.0 -10.4 270 0 5.9 16.3 7.5 2.5 2 1 3 0 0
-4931.6 -6308.0 -8.6 91 0 16.0 6.8 7.5 2.5 2 0 3 1 1
-4799.0 -6077.8 -7.3 270 0 5.9 16.3 7.5 2.5 2 1 3 1 1
-4830.9 -6159.7 -7.9 90 0 8.4 25.1 7.5 2.5 4 1 3 4 4
-4913.7 -5927.5 -12.3 270 0 5.9 16.3 7.5 2.5 2 1 3 0 0
-4411.5 -5917.6 -5.4 271 0 16.0 6.8 7.5 2.5 2 0 3 3 3
-4442.0 -5929.8 -6.0 270 0 5.9 16.3 7.5 2.5 4 1 3 0 0
-4521.8 -6124.9 -10.8 1 0 6.8 16.0 7.5 2.5 2 1 3 3 3
-4324.1 -6108.1 -9.1 360 0 16.6 6.2 7.5 2.5 2 0 3 2 2
-4461.9 -6148.7 -7.1 360 0 25.1 8.4 7.5 2.5 2 0 3 2 2
-4399.8 -6046.5 -9.6 0 0 8.0 25.2 5.0 2.5 2 1 2 2 2
-4790.2 -5916.7 -7.4 271 0 16.0 6.8 7.5 2.5 2 0 3 0 0
-4857.6 -6308.2 -10.3 91 0 16.0 6.8 7.5 2.5 2 0 3 4 4
-4348.2 -5994.9 -8.3 360 0 6.5 15.9 5.0 2.5 2 1 2 3 3
-4439.8 -6309.7 -7.3 91 0 16.0 6.8 2.5 2.5 4 0 1 0 0
-4769.5 -5990.8 -8.9 271 0 16.0 6.8 7.5 2.5 2 0 3 2 2
-4853.8 -5926.9 -11.1 270 0 5.9 16.3 5.0 2.5 2 1 2 1 1
-4779.5 -5939.7 -7.7 270 0 7.9 17.4 5.0 2.5 4 1 2 2 2
-4392.6 -6024.6 -9.6 0 0 25.1 8.4 5.0 2.5 2 0 2 4 4
-4791.1 -6065.5 -8.0 271 0 16.0 6.8 7.5 2.5 4 0 3 2 2
-4905.1 -6146.8 -9.0 180 0 25.1 8.4 5.0 2.5 4 0 2 5 5
-4342.5 -6023.0 -8.1 0 0 17.4 5.8 7.5 2.5 2 0 3 4 4
-4327.6 -6143.2 -8.8 360 0 6.8 15.1 7.5 2.5 2 1 3 1 1
-4324.1 -6233.9 -8.8 0 0 16.3 6.2 2.5 2.5 2 0 1 3 3
-4905.7 -5915.2 -13.0 271 0 16.0 6.8 7.5 2.5 2 0 3 2 2
-4442.0 -5951.9 -7.6 270 0 5.9 16.3 7.5 2.5 2 1 3 4 4
-4342.6 -6096.9 -8.5 0 0 17.3 6.2 7.5 2.5 2 0 3 3 3
-4791.2 -6219.4 -10.8 91 0 16.0 6.8 5.0 2.5 2 0 2 1 1
-4399.1 -6170.9 -7.6 0 0 8.0 25.2 7.5 0.0 0 1 3 5 5
-4896.6 -6321.0 -9.2 90 0 5.9 16.3 5.0 2.5 2 1 2 4 4
-4324.1 -6011.9 -8.4 0 0 16.8 6.2 7.5 2.5 2 0 3 1 1
-4762.0 -6002.9 -9.8 270 0 5.9 16.3 2.5 2.5 2 1 1 1 1
-4845.9 -5914.6 -11.0 271 0 16.0 6.8 7.5 2.5 2 0 3 0 0
-4363.5 -5951.3 -8.1 270 0 6.1 16.3 5.0 0.0 0 1 2 3 3
-4936.1 -6106.1 -9.8 180 0 16.3 5.9 7.5 2.5 2 0 3 0 0
-4798.1 -5929.0 -7.6 270 0 5.9 16.3 7.5 2.5 2 1 3 1 1
-4342.7 -6170.7 -8.1 0 0 17.4 6.6 7.5 2.5 2 0 3 4 4
-4846.5 -6173.0 -8.2 90 0 25.2 8.0 2.5 2.5 2 0 1 2 2
-4518.6 -6088.4 -12.3 270 0 7.9 17.4 5.0 2.5 2 1 2 5 5
-4437.6 -6109.2 -8.1 0 0 8.0 25.2 5.0 2.5 2 1 2 5 5
-4831.4 -6009.3 -8.9 270 0 8.4 25.1 5.0 2.5 2 1 2 0 0
-4507.8 -6065.6 -12.0 271 0 16.0 6.8 7.5 0.0 0 0 3 2 2
-4349.0 -6125.2 -8.2 360 0 7.1 15.8 7.5 2.5 2 1 3 0 0
-4762.0 -6263.3 -8.9 90 0 5.9 16.3 5.0 0.0 0 1 2 5 5
-4948.7 -6067.0 -10.8 181 0 6.8 16.0 7.5 2.5 2 1 3 3 3
-4498.3 -6242.4 -7.0 90 0 5.9 16.3 2.5 2.5 2 1 1 5 5
-4847.3 -5996.0 -9.1 270 0 25.2 8.0 5.0 2.5 2 0 2 5 5
-4816.8 -5948.9 -8.1 270 0 5.9 16.3 5.0 2.5 2 1 2 2 2
-4334.9 -5917.1 -7.4 271 0 14.8 6.8 7.5 2.5 2 0 3 0 0
-4451.2 -5999.0 -10.5 270 0 25.2 8.0 7.5 2.5 2 0 3 1 1
-4349.5 -6198.8 -7.9 360 0 7.3 15.8 2.5 2.5 2 1 1 4 4
-4401.6 -6322.3 -7.4 90 0 5.9 16.3 7.5 2.5 2 1 3 1 1
-4846.8 -6121.3 -7.7 270 0 25.2 8.0 2.5 2.5 2 0 1 3 3
-4537.3 -6077.7 -12.3 270 0 5.9 16.3 7.5 2.5 2 1 3 3 3
-4884.2 -5915.4 -13.2 271 0 16.0 6.8 5.0 2.5 4 0 2 0 0
-4901.4 -6009.0 -9.7 270 0 8.4 25.1 7.5 2.5 2 1 3 1 1
-4949.4 -6198.3 -10.7 181 0 6.8 16.0 5.0 2.5 2 1 2 5 5
-4960.9 -5915.6 -9.4 271 0 16.0 6.8 7.5 2.5 2 0 3 2 2
-4506.0 -6202.3 -6.7 91 0 16.0 6.8 5.0 2.5 2 0 2 0 0
-4412.0 -5973.6 -8.5 271 0 16.0 6.8 5.0 2.5 2 0 2 0 0
-4950.2 -5938.6 -9.9 270 0 7.9 17.4 5.0 2.5 2 1 2 1 1
-4355.7 -6330.2 -7.6 91 0 16.0 6.8 5.0 2.5 2 0 2 4 4
-4915.2 -6320.6 -8.7 90 0 5.9 16.3 7.5 0.0 0 1 3 3 3
-4846.0 -6102.0 -7.4 270 0 25.2 8.0 7.5 2.5 2 0 3 5 5
-4853.8 -5949.0 -10.4 270 0 5.9 16.3 7.5 2.5 2 1 3 2 2
-4970.7 -6122.8 -11.5 181 0 6.8 16.0 7.5 0.0 0 1 3 3 3
-4349.1 -6143.3 -8.1 360 0 6.8 15.8 5.0 2.5 2 1 2 5 5
-4494.9 -6159.8 -7.3 0 0 16.3 5.9 5.0 2.5 2 0 2 0 0
-4400.8 -5940.6 -7.1 270 0 7.9 17.4 7.5 2.5 2 1 3 4 4
-4529.4 -6065.4 -12.2 271 0 16.0 6.8 5.0 2.5 2 0 2 0 0
-4847.0 -6039.7 -8.7 270 0 25.2 8.0 5.0 2.5 2 0 2 4 4
-4437.6 -6171.2 -7.3 0 0 8.0 25.2 5.0 2.5 2 1 2 1 1
-4761.1 -5929.0 -7.6 270 0 5.9 16.3 7.5 2.5 2 1 3 5 5
-4932.9 -6240.8 -10.4 90 0 5.9 16.3 5.0 2.5 2 1 2 3 3
-4324.1 -6033.8 -8.5 0 0 16.5 6.2 7.5 2.5 2 0 3 0 0
-4466.8 -6011.7 -11.0 270 0 8.4 25.1 5.0 0.0 0 1 2 4 4
-4968.8 -5927.9 -8.7 270 0 5.9 16.3 5.0 2.5 2 1 2 4 4
-4846.3 -6058.3 -8.3 270 0 25.2 8.0 2.5 2.5 2 0 1 0 0
-4350.0 -6272.8 -7.7 360 0 7.0 15.7 7.5 2.5 2 1 3 3 3
-4762.0 -6077.8 -7.9 270 0 5.9 16.3 7.5 2.5 2 1 3 5 5
-4361.8 -6012.0 -8.5 0 0 16.9 5.1 7.5 2.5 2 0 3 1 1
-4324.1 -6160.5 -9.0 0 0 17.0 6.2 7.5 2.5 2 0 3 1 1
-4973.3 -6181.4 -11.0 180 0 16.3 5.9 5.0 2.5 4 0 2 2 2
-4876.6 -5927.5 -12.6 270 0 5.9 16.3 7.5 0.0 0 1 3 2 2
-4972.9 -6232.6 -10.4 180 0 16.3 5.9 7.5 2.5 2 0 3 2 2
-4361.3 -6086.1 -8.8 0 0 17.3 6.1 7.5 2.5 2 0 3 3 3
-4857.7 -6346.5 -9.8 91 0 16.0 6.8 7.5 2.5 2 0 3 5 5
-4799.0 -6025.1 -8.5 270 0 5.9 16.3 5.0 2.5 2 1 2 5 5
-4324.1 -5937.4 -7.8 0 0 16.3 6.2 7.5 2.5 2 0 3 2 2
-4897.6 -6169.2 -8.8 180 0 8.0 25.2 2.5 2.5 2 1 1 2 2
-4391.9 -6087.1 -8.4 0 0 25.1 8.4 7.5 2.5 4 0 3 3 3
-4506.0 -6220.8 -6.9 91 0 16.0 6.8 7.5 2.5 2 0 3 2 2
-4450.0 -5973.7 -9.4 271 0 16.0 6.8 5.0 2.5 4 0 2 1 1
-4970.1 -6215.5 -10.5 181 0 6.8 16.0 5.0 2.5 2 1 2 0 0
-4327.6 -6069.2 -8.6 360 0 7.0 15.0 7.5 2.5 2 1 3 1 1
-4780.5 -6253.0 -9.9 90 0 7.9 17.4 7.5 2.5 4 1 3 1 1
-4769.1 -5972.8 -8.0 271 0 16.0 6.8 5.0 2.5 4 0 2 4 4
-4535.4 -6264.5 -8.3 90 0 5.9 16.3 7.5 2.5 2 1 3 0 0
-4932.9 -6001.9 -9.7 270 0 5.9 16.3 5.0 2.5 2 1 2 1 1
-4970.5 -6320.8 -9.5 90 0 5.9 16.3 7.5 0.0 0 1 3 0 0
-4835.2 -5937.6 -9.8 270 0 7.9 17.4 7.5 2.5 2 1 3 1 1
-4348.0 -5976.5 -8.1 1 0 6.8 16.0 7.5 2.5 4 1 3 3 3
-4973.1 -6084.0 -11.4 180 0 16.3 5.9 5.0 2.5 4 0 2 3 3
-4336.4 -6307.8 -7.8 1 0 6.8 16.0 5.0 2.5 4 1 2 2 2
-4770.0 -6121.7 -8.3 271 0 16.0 6.8 5.0 2.5 4 0 2 3 3
-4497.9 -6190.1 -6.8 90 0 5.9 16.3 7.5 2.5 2 1 3 0 0
-4419.5 -5952.0 -7.2 270 0 5.9 16.3 5.0 2.5 4 1 2 4 4
-4456.6 -6344.7 -8.5 90 0 5.9 16.3 5.0 2.5 2 1 2 2 2
-4948.9 -6142.3 -10.8 181 0 6.8 16.0 5.0 2.5 2 1 2 1 1
-4914.8 -6342.7 -8.4 90 0 5.9 16.3 7.5 2.5 2 1 3 3 3
-4770.1 -6275.6 -8.1 91 0 16.0 6.8 7.5 2.5 4 0 3 2 2
-4342.8 -6244.9 -7.9 0 0 17.4 7.0 2.5 2.5 4 0 1 3 3
-4969.9 -6001.9 -9.7 270 0 5.9 16.3 5.0 2.5 2 1 2 2 2
-4497.4 -6143.1 -9.0 1 0 6.8 16.0 5.0 2.5 2 1 2 0 0
-4762.0 -6189.3 -10.6 90 0 5.9 16.3 7.5 2.5 2 1 3 0 0
-4528.0 -6276.6 -8.7 91 0 16.0 6.8 7.5 2.5 2 0 3 1 1
-4970.2 -6343.0 -7.6 90 0 5.9 16.3 7.5 2.5 2 1 3 5 5
-4762.0 -6099.9 -7.6 270 0 5.9 16.3 5.0 2.5 2 1 2 2 2
-4355.6 -5916.9 -7.2 271 0 16.0 6.8 7.5 2.5 2 0 3 5 5
-4970.3 -6066.9 -11.0 181 0 6.8 16.0 7.5 2.5 2 1 3 5 5
-4876.6 -5949.6 -11.9 270 0 5.9 16.3 5.0 2.5 2 1 2 4 4
-4535.0 -6190.1 -7.1 90 0 5.9 16.3 2.5 2.5 2 1 1 0 0
-4429.2 -6328.9 -7.4 91 0 16.0 6.8 7.5 2.5 2 0 3 1 1
-4438.3 -6046.7 -11.0 0 0 8.0 25.2 5.0 2.5 2 1 2 2 2
-4500.2 -6077.6 -11.9 270 0 5.9 16.3 7.5 0.0 0 1 3 1 1
-4885.5 -6040.0 -9.3 270 0 25.2 8.0 7.5 0.0 0 0 3 0 0
-4391.9 -6149.1 -7.8 0 0 25.1 8.4 5.0 2.5 2 0 2 5 5
-4798.1 -5951.1 -7.9 270 0 5.9 16.3 7.5 2.5 4 1 3 1 1
-4383.4 -6323.8 -7.4 90 0 5.9 16.3 2.5 2.5 2 1 1 2 2
-4344.6 -6349.3 -7.7 91 0 16.0 6.8 7.5 0.0 0 0 3 3 3
-4361.8 -6033.9 -8.7 0 0 16.6 5.3 7.5 2.5 2 0 3 4 4
-4457.0 -6322.5 -7.6 90 0 5.9 16.3 5.0 2.5 2 1 2 0 0
-4962.0 -5989.6 -9.2 271 0 16.0 6.8 7.5 2.5 2 0 3 5 5
-4780.4 -6013.7 -9.2 270 0 7.9 17.4 7.5 0.0 0 1 3 2 2
-4799.1 -6189.3 -9.7 90 0 5.9 16.3 7.5 2.5 2 1 3 2 2
-4942.8 -6327.1 -7.9 91 0 16.0 6.8 5.0 2.5 2 0 2 1 1
-4400.1 -6002.8 -9.7 0 0 8.0 25.2 7.5 2.5 4 1 3 0 0
-4527.5 -6202.2 -7.4 91 0 16.0 6.8 2.5 2.5 4 0 1 3 3
-4770.0 -6046.8 -9.1 271 0 16.0 6.8 7.5 2.5 2 0 3 3 3
-4780.4 -6088.5 -7.3 270 0 7.9 17.4 5.0 2.5 2 1 2 4 4
-4519.0 -6142.9 -9.4 1 0 6.8 16.0 7.5 2.5 2 1 3 5 5
-4799.0 -6099.9 -7.3 270 0 5.9 16.3 5.0 2.5 2 1 2 4 4
-4500.3 -6125.1 -10.4 1 0 6.8 16.0 7.5 2.5 2 1 3 1 1
-4665.6 -7027.4 -10.3 271 0 5.3 11.4 2.5 2.5 2 1 1 0 0
-4676.4 -7741.3 -6.1 208 0 25.1 8.0 5.0 2.5 2 0 2 3 3
-4656.1 -7072.7 -10.6 91 0 5.3 11.4 5.0 2.5 2 1 2 0 0
-4663.3 -7782.5 -6.7 208 0 25.1 8.0 7.5 2.5 2 0 3 1 1
-4647.0 -7089.4 -10.7 91 0 5.3 11.4 7.5 2.5 2 1 3 0 0
-4635.8 -7761.8 -6.4 208 0 25.1 8.0 5.0 0.0 0 0 2 0 0
-4626.8 -7800.7 -6.9 208 0 25.1 8.0 7.5 2.5 4 0 3 0 0
-4689.3 -7734.2 -6.0 208 0 25.1 8.0 7.5 2.5 2 0 3 1 1
-4636.8 -7043.4 -10.2 271 0 5.3 11.4 5.0 0.0 0 1 2 1 1
-4676.7 -7774.9 -6.6 208 0 25.1 8.0 5.0 0.0 0 0 2 1 1
-4626.6 -7027.1 -9.8 271 0 5.3 11.4 5.0 0.0 0 1 2 3 3
-4703.0 -7726.9 -6.0 208 0 25.1 8.0 7.5 0.0 0 0 3 2 2
-4690.6 -7768.1 -6.5 208 0 25.1 8.0 5.0 2.5 2 0 2 5 5
-4614.2 -7083.8 -10.4 1 0 11.4 5.3 7.5 2.5 4 0 3 5 5
-4716.7 -7720.1 -5.9 208 0 25.1 8.0 2.5 2.5 2 0 1 5 5
-4703.4 -7761.1 -6.4 208 0 25.1 8.0 7.5 0.0 0 0 3 0 0
-4612.7 -7773.9 -6.6 208 0 25.1 8.0 5.0 0.0 0 0 2 4 4
-4636.8 -7026.8 -9.9 271 0 5.3 11.4 7.5 2.5 2 1 3 4 4
-4729.3 -7713.3 -5.8 208 0 25.1 8.0 5.0 2.5 2 0 2 2 2
-4717.2 -7753.8 -6.3 208 0 25.1 8.0 7.5 2.5 2 0 3 0 0
-4686.2 -7089.1 -11.2 91 0 5.3 11.4 7.5 2.5 2 1 3 0 0
-4656.2 -7027.8 -10.2 271 0 5.3 11.4 7.5 2.5 2 1 3 0 0
-4644.0 -7066.8 -10.5 1 0 11.4 5.3 5.0 2.5 2 0 2 1 1
-4730.9 -7747.0 -6.2 208 0 25.1 8.0 2.5 2.5 2 0 1 5 5
-4624.4 -7049.7 -10.1 1 0 11.4 5.3 7.5 2.5 2 0 3 3 3
-4665.8 -7089.3 -11.0 91 0 5.3 11.4 5.0 2.5 2 1 2 1 1
-4638.7 -7106.6 -10.7 91 0 5.3 11.4 7.5 2.5 2 1 3 0 0
-4743.5 -7740.2 -6.2 208 0 25.1 8.0 5.0 2.5 2 0 2 2 2
-4647.2 -7044.4 -10.3 271 0 5.3 11.4 5.0 0.0 0 1 2 0 0
-4650.0 -7788.7 -6.7 208 0 25.1 8.0 5.0 0.0 0 0 2 0 0
-4688.4 -7066.5 -11.0 181 0 11.4 5.3 5.0 2.5 2 0 2 3 3
-4641.0 -7828.1 -7.3 208 0 25.1 8.0 5.0 2.5 2 0 2 0 0
-4637.5 -7089.6 -10.6 91 0 5.3 11.4 7.5 2.5 2 1 3 1 1
-4676.0 -7072.1 -10.8 91 0 5.3 11.4 2.5 2.5 2 1 1 4 4
-4646.8 -7027.6 -10.1 271 0 5.3 11.4 7.5 2.5 2 1 3 3 3
-4627.6 -7106.2 -10.6 91 0 5.3 11.4 7.5 2.5 2 1 3 5 5
-4665.4 -7072.4 -10.7 91 0 5.3 11.4 7.5 2.5 2 1 3 3 3
-4656.4 -7089.6 -10.8 91 0 5.3 11.4 7.5 2.5 2 1 3 3 3
-4613.8 -7066.9 -10.2 1 0 11.4 5.3 7.5 2.5 4 0 3 0 0
-4686.4 -7044.2 -10.7 271 0 5.3 11.4 7.5 2.5 2 1 3 3 3
-4623.8 -7066.4 -10.3 1 0 11.4 5.3 2.5 2.5 2 0 1 5 5
-4614.9 -7101.1 -10.5 1 0 11.4 5.3 5.0 2.5 2 0 2 3 3
-4649.1 -7755.6 -6.3 208 0 25.1 8.0 7.5 2.5 2 0 3 1 1
-4614.2 -7033.4 -9.7 1 0 11.4 5.3 5.0 2.5 2 0 2 2 2
-4676.2 -7027.2 -10.4 271 0 5.3 11.4 7.5 2.5 2 1 3 1 1
-4662.5 -7748.1 -6.2 208 0 25.1 8.0 2.5 2.5 2 0 1 1 1
-5117.4 -7896.5 -10.9 29 0 22.8 9.7 5.0 0.0 0 0 2 2 2
-5211.0 -7904.8 -11.7 117 0 8.3 24.7 5.0 2.5 2 1 2 2 2
-5137.9 -7907.6 -10.5 29 0 4.4 13.2 5.0 2.5 2 1 2 3 3
-5207.3 -7871.5 -12.4 209 0 4.4 13.2 7.5 0.0 0 1 3 1 1
-5192.5 -7857.5 -12.8 209 0 22.7 9.7 7.5 0.0 0 0 3 0 0
-5174.3 -7890.4 -11.3 119 0 13.2 4.4 7.5 2.5 2 0 3 4 4
-5096.9 -7907.9 -10.1 29 0 22.7 9.7 7.5 2.5 2 0 3 4 4
-5203.7 -7852.1 -12.9 208 0 22.8 9.7 2.5 2.5 2 0 1 4 4
-5235.1 -7880.3 -12.7 207 0 24.7 8.3 5.0 2.5 2 0 2 1 1
-5219.8 -7911.1 -10.6 119 0 13.2 4.4 2.5 2.5 2 0 1 5 5
-5256.5 -7869.1 -13.6 207 0 24.7 8.3 7.5 2.5 2 0 3 2 2
-5126.4 -7934.9 -9.4 27 0 24.7 8.3 5.0 2.5 2 0 2 3 3
-5165.9 -7938.9 -8.3 119 0 13.2 4.4 7.5 2.5 2 0 3 3 3
-5236.8 -7835.0 -13.3 209 0 22.7 9.7 7.5 2.5 4 0 3 4 4
-5139.2 -7885.2 -11.8 29 0 22.7 9.7 5.0 2.5 2 0 2 3 3
-5277.7 -7858.1 -13.8 207 0 24.7 8.3 7.5 2.5 2 0 3 0 0
-5157.6 -7933.0 -9.9 117 0 8.3 24.7 5.0 2.5 2 1 2 0 0
-5226.3 -7840.1 -13.4 209 0 22.7 9.7 5.0 0.0 0 0 2 2 2
-5179.5 -7921.7 -10.4 117 0 8.3 24.7 5.0 2.5 2 1 2 3 3
-5115.0 -7941.2 -9.2 27 0 24.7 8.3 5.0 2.5 2 0 2 1 1
-5128.6 -7891.0 -11.3 29 0 22.7 9.7 7.5 2.5 2 0 3 3 3
-5248.0 -7829.6 -13.4 209 0 22.7 9.7 5.0 2.5 2 0 2 1 1
-5200.1 -7911.0 -11.3 117 0 8.3 24.7 7.5 2.5 2 1 3 5 5
-5160.0 -7887.5 -12.2 119 0 9.7 22.8 7.5 0.0 0 1 3 4 4
-5124.1 -7914.4 -10.2 29 0 4.4 13.2 7.5 2.5 2 1 3 1 1
-5215.1 -7845.5 -13.4 209 0 22.7 9.7 5.0 2.5 2 0 2 5 5
-5250.7 -7849.9 -13.6 209 0 4.4 13.2 5.0 2.5 2 1 2 4 4
-5226.7 -7899.0 -12.3 117 0 8.3 24.7 2.5 2.5 2 1 1 0 0
-5160.3 -7898.3 -10.8 119 0 13.2 4.4 5.0 2.5 2 0 2 3 3
-5259.5 -7823.0 -13.8 209 0 22.8 9.7 5.0 2.5 2 0 2 5 5
-5265.2 -7842.2 -13.8 209 0 4.4 13.2 5.0 2.5 2 1 2 2 2
-5181.5 -7863.1 -12.8 209 0 22.7 9.7 5.0 2.5 2 0 2 3 3
-5268.0 -7884.2 -12.5 209 0 4.4 13.2 7.5 2.5 2 1 3 4 4
-5117.6 -7971.2 -7.8 29 0 4.4 13.2 7.5 2.5 2 1 3 3 3
-5107.2 -7902.9 -10.5 29 0 22.8 9.7 5.0 2.5 2 0 2 2 2
-5270.7 -7817.5 -13.7 209 0 22.7 9.7 5.0 2.5 4 0 2 4 4
-5245.8 -7874.5 -13.2 207 0 24.7 8.3 5.0 2.5 2 0 2 4 4
-5181.5 -7931.0 -9.0 119 0 13.2 4.4 5.0 2.5 2 0 2 2 2
-5171.5 -7880.9 -12.7 119 0 9.7 22.8 7.5 2.5 2 1 3 3 3
-5266.9 -7863.2 -13.9 207 0 24.7 8.3 2.5 2.5 2 0 1 2 2
-5147.4 -7938.2 -9.7 117 0 8.3 24.7 2.5 2.5 2 1 1 1 1
-5150.0 -7948.7 -8.0 119 0 13.2 4.4 7.5 2.5 2 0 3 0 0
-5288.7 -7852.6 -13.3 207 0 24.7 8.3 7.5 2.5 2 0 3 2 2
-5168.6 -7927.2 -10.1 117 0 8.3 24.7 7.5 2.5 2 1 3 4 4
-5193.8 -7877.6 -11.9 209 0 4.4 13.2 2.5 2.5 4 1 1 1 1
-5189.5 -7916.2 -10.8 117 0 8.3 24.7 5.0 2.5 2 1 2 0 0
-5449.3 -7454.8 -11.0 208 0 131.8 42.5 15.0 0.0 0 0 6 2 2
-5836.8 -7327.2 -1.6 298 0 32.8 32.5 10.0 0.0 0 0 4 0 0
-4293.1 -8922.2 -10.3 297 0 13.1 72.6 10.0 2.5 2 1 4 3 3
-4241.6 -8949.9 -11.5 298 0 72.7 73.0 10.0 0.0 0 1 4 4 4
-3055.2 -9454.5 -11.4 115 0 60.7 56.7 12.5 0.0 0 0 5 2 2
-4943.1 -8577.2 -7.4 27 0 17.8 30.2 7.5 2.5 4 1 3 4 4
-3376.6 -3859.9 -12.8 303 0 15.6 24.1 10.0 2.5 4 1 4 1 1
-3303.1 -3909.4 -10.4 80 0 23.2 22.5 10.0 0.0 0 0 4 1 1
-2055.4 -3822.6 -8.4 93 0 53.9 13.9 10.0 2.5 2 0 4 0 0
-3353.8 -3962.0 -6.7 347 0 13.1 14.2 7.5 2.5 2 1 3 1 1
-2151.4 -3689.2 -12.9 270 0 5.3 15.3 5.0 2.5 2 1 2 5 5
-3475.2 -3897.1 -9.1 85 0 22.4 5.7 5.0 2.5 2 0 2 1 1
-2142.4 -3797.2 -10.3 90 0 9.9 33.8 7.5 0.0 0 1 3 2 2
-2253.4 -3704.3 -11.1 93 0 10.2 12.6 5.0 2.5 2 1 2 4 4
-2274.1 -3692.6 -11.5 90 0 18.4 16.5 7.5 0.0 0 0 3 5 5
-3474.3 -3931.5 -5.5 265 0 7.6 12.9 7.5 2.5 2 1 3 0 0
-2005.3 -3804.4 -9.9 94 0 10.4 15.9 5.0 0.0 0 1 2 1 1
-2143.1 -3713.2 -12.1 270 0 5.7 12.8 7.5 0.0 0 1 3 4 4
-3312.9 -3957.3 -7.3 170 0 6.2 17.5 5.0 2.5 2 1 2 3 3
-2091.9 -3821.2 -8.7 90 0 14.2 6.3 7.5 2.5 2 0 3 2 2
-2162.9 -3728.5 -11.4 88 0 10.7 5.8 5.0 0.0 0 0 2 1 1
-2043.6 -3745.0 -11.2 1 0 11.6 11.3 7.5 2.5 2 0 3 1 1
-2215.8 -3711.4 -11.8 178 0 11.8 37.0 15.0 0.0 0 1 6 1 1
-3502.2 -3905.5 -10.4 36 0 24.9 22.6 12.5 2.5 4 0 5 4 4
-2361.0 -3693.9 -12.2 187 0 12.0 53.4 12.5 2.5 2 1 5 2 2
-2243.0 -3644.6 -13.3 270 0 8.7 19.1 5.0 2.5 2 1 2 5 5
-2162.8 -3693.6 -12.6 272 0 13.4 13.4 5.0 2.5 2 1 2 5 5
-2493.7 -3638.1 -13.4 288 0 13.2 10.7 10.0 2.5 2 0 4 2 2
-3346.7 -3980.8 -6.8 353 0 8.5 13.5 7.5 2.5 2 1 3 4 4
-3448.3 -3971.2 -6.7 84 0 18.5 21.1 7.5 2.5 2 1 3 0 0
-3895.7 -3961.1 -11.7 267 0 19.6 24.3 10.0 2.5 2 1 4 5 5
-3860.5 -3954.5 -10.4 261 0 11.3 22.5 12.5 0.0 0 1 5 5 5
-3825.3 -3988.5 -7.0 74 0 10.3 5.8 5.0 2.5 2 0 2 2 2
-3144.9 -3858.8 -13.5 77 0 14.7 7.9 5.0 2.5 4 0 2 4 4
-3749.4 -4007.1 -10.4 88 0 8.3 8.7 5.0 2.5 2 1 2 4 4
-3077.4 -3833.2 -11.9 61 0 14.0 10.2 2.5 0.0 0 0 1 1 1
-3000.1 -3921.0 -10.9 72 0 15.1 11.9 7.5 2.5 2 0 3 4 4
-3654.4 -3898.3 -13.2 265 0 5.9 15.2 7.5 2.5 2 1 3 1 1
-4173.2 -3988.8 -11.5 271 0 6.7 11.1 7.5 2.5 2 1 3 3 3
-3726.6 -3908.0 -9.3 265 0 11.3 22.9 10.0 2.5 2 1 4 4 4
-3651.8 -3946.7 -12.7 175 0 14.9 5.5 2.5 2.5 2 0 1 2 2
-2990.6 -3791.3 -7.9 256 0 10.1 21.2 10.0 2.5 2 1 4 1 1
-3669.3 -3887.7 -13.2 265 0 12.7 26.7 12.5 2.5 2 1 5 3 3
-4153.3 -4044.6 -6.5 84 0 18.3 25.1 7.5 2.5 2 1 3 0 0
-4038.6 -4078.7 -9.1 349 0 8.5 10.9 2.5 2.5 4 1 1 0 0
-3943.7 -4038.0 -7.3 85 0 6.7 15.0 7.5 2.5 2 1 3 0 0
-2874.6 -3714.8 -13.6 339 0 7.2 14.0 5.0 2.5 2 1 2 1 1
-3650.8 -3936.1 -13.4 85 0 7.6 17.8 5.0 2.5 2 1 2 4 4
-2847.7 -3754.8 -11.7 65 0 6.4 10.4 7.5 2.5 2 1 3 1 1
-4109.8 -4111.5 -8.5 75 0 33.2 5.6 7.5 2.5 2 0 3 0 0
-3784.6 -3934.2 -6.9 265 0 26.7 18.8 10.0 2.5 4 0 4 4 4
-3764.0 -4005.4 -9.8 88 0 7.2 25.0 5.0 2.5 2 1 2 3 3
-3028.7 -3832.2 -10.8 66 0 20.2 14.3 10.0 2.5 2 0 4 0 0
-3906.4 -4030.0 -7.2 84 0 5.4 11.7 2.5 2.5 2 1 1 2 2
-4021.6 -3999.4 -10.3 260 0 16.4 23.9 12.5 2.5 2 1 5 4 4
-3766.0 -3977.8 -8.4 85 0 6.6 18.4 5.0 2.5 2 1 2 1 1
-4077.5 -4036.5 -10.0 176 0 8.3 10.3 7.5 0.0 0 1 3 1 1
-4100.1 -4028.7 -8.9 83 0 18.8 15.7 12.5 2.5 2 0 5 2 2
-3980.8 -4048.6 -7.6 80 0 6.3 11.7 5.0 2.5 2 1 2 5 5
-4077.3 -4047.7 -9.9 175 0 7.1 11.6 5.0 2.5 4 1 2 1 1
-3859.9 -3999.4 -6.7 81 0 5.5 6.7 5.0 2.5 2 1 2 2 2
-4076.8 -4001.1 -11.4 265 0 10.6 20.4 5.0 2.5 2 1 2 0 0
-2923.1 -3795.0 -6.1 69 0 6.3 11.5 5.0 2.5 2 1 2 0 0
-3899.1 -4011.3 -7.3 72 0 8.4 6.5 7.5 2.5 2 0 3 1 1
-3641.4 -3973.7 -8.7 355 0 8.5 4.6 2.5 2.5 2 0 1 4 4
-4062.6 -4091.3 -9.3 73 0 24.1 9.9 5.0 2.5 2 0 2 5 5
-3097.1 -3843.6 -12.7 66 0 15.7 11.5 7.5 2.5 2 0 3 1 1
-3717.6 -3995.5 -10.8 85 0 7.9 17.0 7.5 2.5 2 1 3 0 0
-4088.2 -4051.8 -9.4 177 0 23.2 8.7 7.5 2.5 2 0 3 4 4
-4164.5 -4115.2 -6.5 177 0 11.1 6.2 2.5 0.0 0 0 1 2 2
-2899.4 -3743.5 -11.8 263 0 23.6 18.6 10.0 2.5 4 0 4 0 0
-1455.0 -3760.4 -4.7 6 0 7.6 14.0 7.5 0.0 0 1 3 2 2
-1557.0 -3712.0 -10.8 275 0 19.0 27.9 12.5 2.5 2 1 5 5 5
-1622.8 -3733.6 -10.5 185 0 30.2 26.5 12.5 0.0 0 0 5 5 5
-5653.8 -5610.8 -13.7 0 0 145.2 67.3 12.5 0.0 0 0 5 3 3
-4882.8 -4216.1 -11.9 173 0 24.8 8.9 5.0 2.5 2 0 2 4 4
-5653.0 -5507.6 -13.6 0 0 27.8 67.9 10.0 0.0 0 1 4 0 0
-1694.2 -3723.8 -10.7 275 0 20.5 25.4 12.5 2.5 2 1 5 2 2
-4808.5 -4316.9 -9.3 259 0 13.4 15.8 5.0 0.0 0 1 2 2 2
-1363.7 -3696.9 -11.1 276 0 8.9 13.5 7.5 2.5 2 1 3 2 2
-5631.6 -5535.0 -8.2 180 0 35.4 60.1 7.5 0.0 0 1 3 1 1
-1356.4 -3769.2 -10.3 96 0 8.4 65.6 7.5 2.5 2 1 3 1 1
-1503.5 -3766.8 -5.4 187 0 10.4 12.5 5.0 2.5 2 1 2 5 5
-5854.6 -5446.7 -15.1 180 0 144.8 66.7 12.5 0.0 0 0 5 3 3
-5865.2 -5699.6 -13.2 0 0 40.0 40.4 12.5 0.0 0 1 5 5 5
-5207.3 -4194.0 -15.4 271 0 34.1 18.7 7.5 0.0 0 0 3 3 3
-1438.3 -3777.4 -4.8 8 0 16.9 13.2 7.5 2.5 2 0 3 5 5
-1440.2 -3694.4 -11.7 276 0 8.5 14.4 7.5 2.5 2 1 3 2 2
-4875.1 -4252.5 -10.8 170 0 40.4 8.2 7.5 0.0 0 0 3 1 1
-5979.6 -5772.9 -10.9 180 0 73.8 59.8 12.5 0.0 0 0 5 5 5
-1419.1 -3709.1 -9.9 276 0 5.8 16.6 5.0 2.5 2 1 2 4 4
-1479.9 -3696.5 -11.6 277 0 7.0 16.4 5.0 2.5 2 1 2 5 5
-5967.0 -5698.7 -10.7 180 0 61.9 35.4 12.5 0.0 0 0 5 4 4
-5980.2 -5625.2 -13.5 180 0 72.5 60.3 12.5 0.0 0 0 5 2 2
-1733.6 -3772.2 -12.0 88 0 9.2 9.2 7.5 2.5 2 1 3 1 1
-5855.1 -5549.9 -15.1 180 0 25.4 66.3 10.0 0.0 0 1 4 5 5
-132.9 -3477.9 -9.2 252 0 15.0 14.7 5.0 0.0 0 0 2 4 4
-4437.8 -5537.0 -11.7 0 0 27.7 15.2 12.5 2.5 2 0 5 1 1
-233.2 -3546.8 -11.0 72 0 30.5 23.7 10.0 0.0 0 0 4 3 3
-156.5 -3612.5 -7.4 339 0 29.2 19.2 7.5 2.5 4 0 3 2 2
-321.3 -3530.1 -11.4 251 0 8.0 11.1 7.5 2.5 2 1 3 5 5
-84.5 -3541.1 -9.7 342 0 26.1 6.2 5.0 2.5 4 0 2 5 5
-4448.3 -5819.1 -14.8 92 0 25.2 102.0 15.0 0.0 0 1 6 2 2
-303.2 -3557.7 -11.0 74 0 20.7 12.6 7.5 2.5 2 0 3 1 1
-4440.3 -5264.1 -10.3 271 0 23.9 67.0 10.0 0.0 0 1 4 1 1
-215.4 -3579.1 -8.3 76 0 15.7 22.9 12.5 2.5 2 1 5 5 5
-180.2 -3495.5 -7.8 252 0 15.0 14.7 2.5 2.5 2 0 1 0 0
-23.4 -3495.7 -9.1 295 0 8.6 13.3 2.5 2.5 2 1 1 5 5
-310.1 -3526.2 -11.8 251 0 6.6 10.8 7.5 2.5 2 1 3 4 4
-77.8 -3561.0 -9.6 342 0 9.9 7.8 5.0 2.5 2 0 2 3 3
-34.3 -3465.5 -7.8 295 0 8.6 13.3 5.0 2.5 2 1 2 4 4
-29.0 -3480.6 -8.5 295 0 8.6 13.3 7.5 2.5 2 1 3 0 0
-16.5 -3512.7 -9.7 295 0 8.6 13.3 7.5 2.5 2 1 3 1 1
-4409.3 -5773.4 -13.7 90 0 29.0 40.8 10.0 0.0 0 1 4 4 4
-91.3 -3611.9 -9.6 161 0 7.3 11.9 7.5 2.5 2 1 3 2 2
-68.4 -3599.0 -9.6 69 0 8.1 15.1 7.5 2.5 2 1 3 4 4
-4403.8 -5316.0 -9.9 271 0 31.1 16.0 10.0 2.5 2 0 4 1 1
-4434.1 -5070.1 -11.5 269 0 27.6 43.7 10.0 0.0 0 1 4 5 5
-581.4 -3660.1 -8.4 352 0 25.2 29.6 12.5 0.0 0 1 5 4 4
-165.2 -3489.8 -8.0 252 0 15.0 14.7 2.5 2.5 4 0 1 0 0
-191.0 -3529.2 -8.0 73 0 20.9 14.0 12.5 2.5 2 0 5 3 3
-647.2 -3627.1 -9.0 267 0 11.7 21.1 5.0 2.5 2 1 2 1 1
-149.2 -3484.0 -8.6 252 0 15.0 14.7 5.0 2.5 2 0 2 2 2
-4308.7 -5710.0 -10.0 3 0 16.0 52.9 10.0 2.5 2 1 4 5 5
9.5 -3554.6 -11.2 342 0 27.1 19.0 10.0 2.5 2 0 4 0 0
-80.7 -3623.0 -10.1 72 0 12.6 7.3 7.5 2.5 2 0 3 1 1
-94.9 -3519.7 -9.8 72 0 7.1 26.0 7.5 2.5 2 1 3 2 2
-4313.7 -5499.7 -12.1 89 0 13.7 38.6 12.5 2.5 2 1 5 2 2
-5303.8 -4540.3 -14.4 181 0 12.4 20.5 7.5 2.5 4 1 3 1 1
-1878.5 -3791.1 -9.4 174 0 15.7 13.5 7.5 2.5 2 0 3 5 5
-817.7 -3682.6 -7.0 174 0 26.4 22.7 10.0 2.5 2 0 4 0 0
-985.2 -3723.6 -9.7 267 0 11.5 24.8 10.0 2.5 2 1 4 5 5
-835.3 -3651.3 -8.2 266 0 10.9 19.3 10.0 2.5 2 1 4 5 5
-1004.8 -3780.0 -9.5 172 0 28.7 7.4 5.0 2.5 2 0 2 5 5
-970.0 -3818.9 -10.3 85 0 8.0 45.7 7.5 2.5 4 1 3 5 5
-731.2 -3743.4 -5.7 257 0 6.3 11.4 5.0 2.5 2 1 2 2 2
-916.0 -3808.1 -10.3 355 0 11.7 7.1 7.5 2.5 2 0 3 3 3
-755.2 -3665.1 -9.0 300 0 16.6 28.4 10.0 2.5 2 1 4 0 0
-998.3 -3823.9 -8.6 83 0 15.7 7.2 7.5 2.5 2 0 3 2 2
-1906.5 -3726.8 -10.5 269 0 7.4 17.6 5.0 2.5 2 1 2 1 1
-935.6 -3675.9 -9.2 266 0 9.9 28.5 7.5 2.5 2 1 3 1 1
-3211.7 -3936.9 -8.8 345 0 7.6 10.0 7.5 2.5 2 1 3 5 5
-6114.8 -7271.1 8.8 208 0 27.1 80.8 10.0 0.0 0 1 4 0 0
-5337.9 -6876.4 -15.0 92 0 13.8 31.9 10.0 2.5 2 1 4 2 2
-6055.7 -7421.2 -13.7 28 0 117.8 112.6 15.0 0.0 0 0 6 2 2
-5511.5 -6657.4 -13.1 1 0 11.3 27.1 10.0 2.5 2 1 4 0 0
-5415.2 -6719.6 -13.2 0 0 65.4 18.9 12.5 2.5 2 0 5 5 5
-5320.5 -6801.8 -15.1 4 0 9.8 32.3 7.5 2.5 2 1 3 0 0
-5493.2 -6877.7 -15.9 90 0 22.5 28.8 15.0 0.0 0 1 6 0 0
-4535.7 -6442.7 -9.9 270 0 37.8 21.6 10.0 0.0 0 0 4 3 3
-4413.7 -6686.0 -10.0 90 0 38.0 6.8 7.5 2.5 4 0 3 3 3
-5172.4 -6948.1 -8.7 270 0 57.6 23.2 10.0 2.5 2 0 4 5 5
-4465.8 -6419.1 -8.3 270 0 15.1 16.4 7.5 2.5 2 1 3 3 3
-4659.1 -6992.3 -10.5 71 0 18.1 23.1 10.0 2.5 2 1 4 1 1
-4434.9 -6716.3 -12.6 90 0 31.1 9.7 7.5 2.5 2 0 3 3 3
-4423.3 -6474.5 -7.8 270 0 9.9 26.4 5.0 2.5 4 1 2 3 3
-4404.0 -6397.0 -7.1 270 0 14.8 15.0 10.0 2.5 2 1 4 3 3
-4624.9 -6836.5 -10.0 270 0 9.8 12.6 7.5 2.5 2 1 3 2 2
-4412.0 -6698.9 -11.1 90 0 38.0 6.8 7.5 2.5 2 0 3 4 4
-4391.8 -6224.8 -7.5 360 0 13.5 18.5 5.0 2.5 2 1 2 3 3
-4782.8 -7083.0 -11.8 90 0 15.0 83.2 12.5 2.5 2 1 5 0 0
-4351.4 -6682.7 -10.0 360 0 6.8 38.0 5.0 2.5 2 1 2 3 3
-4801.3 -6837.6 -12.7 270 0 13.7 86.5 7.5 2.5 2 1 3 4 4
-4634.7 -6811.5 -11.8 90 0 31.6 20.2 10.0 0.0 0 0 4 5 5
-4371.2 -6698.8 -11.1 90 0 38.0 6.8 7.5 2.5 2 0 3 5 5
-4327.3 -6661.7 -10.7 360 0 9.7 31.1 7.5 0.0 0 1 3 1 1
-4715.2 -6863.5 -10.6 180 0 35.4 6.8 5.0 2.5 2 0 2 1 1
-4400.2 -6509.0 -8.7 360 0 7.2 13.1 5.0 2.5 2 1 2 3 3
-4742.1 -7083.8 -11.5 90 0 15.0 83.2 10.0 2.5 2 1 4 0 0
-4739.8 -6964.4 -12.5 2 0 45.4 34.3 15.0 0.0 0 0 6 0 0
-4604.0 -6947.5 -12.8 180 0 35.7 9.7 7.5 2.5 2 0 3 2 2
-4486.7 -6424.0 -8.7 270 0 16.8 12.3 2.5 0.0 0 0 1 0 0
-4648.8 -6838.3 -10.3 270 0 27.5 10.4 7.5 0.0 0 0 3 2 2
-4524.6 -6717.3 -11.2 90 0 31.1 9.7 7.5 2.5 2 0 3 2 2
-4569.1 -6716.4 -11.7 90 0 31.1 9.7 7.5 2.5 4 0 3 0 0
-4746.6 -6840.0 -11.8 270 0 13.7 86.5 10.0 2.5 2 1 4 0 0
-4452.8 -6698.4 -11.0 90 0 38.0 6.8 7.5 2.5 2 0 3 2 2
-4763.0 -6838.3 -12.3 270 0 13.7 86.6 12.5 2.5 2 1 5 1 1
-4781.5 -6837.6 -12.9 270 0 13.7 86.5 10.0 2.5 2 1 4 3 3
-4603.0 -6871.4 -11.0 180 0 36.2 7.8 7.5 2.5 2 0 3 1 1
-4805.0 -7080.8 -11.5 91 0 13.0 55.4 10.0 2.5 2 1 4 5 5
-4390.7 -6714.8 -12.5 90 0 31.1 9.7 7.5 0.0 0 0 3 0 0
-4761.3 -7083.1 -11.3 90 0 15.0 83.2 10.0 2.5 2 1 4 4 4
-4434.4 -6666.0 -9.7 90 0 31.1 9.7 7.5 2.5 2 0 3 0 0
-4461.1 -6230.4 -7.0 90 0 19.9 13.5 7.5 2.5 2 0 3 2 2
-4480.1 -6716.8 -11.8 90 0 31.1 9.7 7.5 2.5 2 0 3 4 4
-4373.2 -6662.7 -9.5 360 0 9.7 31.1 7.5 2.5 2 1 3 4 4
-4347.5 -6717.1 -12.0 90 0 31.1 9.7 7.5 0.0 0 0 3 3 3
1379.3 -2804.3 -6.1 255 0 9.7 4.9 7.5 2.5 4 0 3 5 5
