302.9 -11826.4 -8.4 265 0 52.1 69.6 17.5 0.0 0 1 5 5 5
176.0 -10399.3 -11.3 161 0 22.5 37.8 10.5 0.0 0 1 3 1 1
150.2 -10410.2 -14.7 161 0 16.1 24.7 10.5 3.5 2 1 3 4 4
1430.4 -12294.9 -16.0 335 0 85.5 199.5 14.0 0.0 0 1 4 4 4
-3855.5 -9331.6 -1.8 327 0 10.2 10.6 5.0 2.5 2 1 2 5 5
329.5 -11962.2 -10.7 81 0 29.8 29.6 17.5 0.0 0 0 5 2 2
-2942.7 -9980.4 -6.4 325 0 9.8 19.0 7.5 0.0 0 1 3 0 0
-2728.5 -10197.2 -4.8 169 0 9.8 19.0 7.5 0.0 0 1 3 3 3
-2858.0 -10148.5 -6.0 145 0 9.8 19.0 7.5 0.0 0 1 3 5 5
-2980.2 -10281.6 -7.1 145 0 9.8 19.0 7.5 0.0 0 1 3 0 0
-2963.9 -10046.1 -6.1 125 0 15.5 18.5 7.5 0.0 0 1 3 3 3
-2743.9 -10295.7 -3.0 205 0 15.4 18.5 7.5 0.0 0 1 3 0 0
-3010.7 -9819.0 -7.2 145 0 9.8 19.0 5.0 0.0 0 1 2 3 3
-3096.5 -9849.7 -7.1 145 0 9.8 19.0 7.5 0.0 0 1 3 0 0
-3070.3 -10094.7 -6.6 3 0 9.8 19.0 7.5 0.0 0 1 3 2 2
-2803.3 -10351.0 -3.6 234 0 9.7 19.1 7.5 0.0 0 1 3 4 4
-2893.8 -10052.6 -6.5 325 0 9.8 19.0 7.5 0.0 0 1 3 3 3
-2950.2 -9751.4 -6.3 145 0 9.8 19.0 7.5 0.0 0 1 3 4 4
-2954.6 -10120.0 -6.0 325 0 9.8 19.0 7.5 0.0 0 1 3 3 3
-2884.9 -9749.1 -6.5 326 0 9.8 19.0 7.5 0.0 0 1 3 5 5
-3041.4 -9710.8 -5.0 145 0 9.8 19.0 7.5 0.0 0 1 3 5 5
-3169.9 -9898.7 -6.2 146 0 9.8 19.0 7.5 0.0 0 1 3 3 3
-2968.9 -10299.7 -7.1 145 0 9.8 19.0 7.5 0.0 0 1 3 2 2
-3067.0 -10071.2 -6.3 41 0 12.8 18.5 10.0 0.0 0 1 4 0 0
-3314.1 -9780.0 -4.9 145 0 9.8 19.0 7.5 0.0 0 1 3 3 3
-3208.8 -9832.1 -5.2 325 0 9.8 19.0 7.5 0.0 0 1 3 0 0
-3003.4 -10029.3 -5.9 76 0 15.4 18.6 10.0 0.0 0 1 4 2 2
-2985.7 -9855.7 -7.3 145 0 9.8 19.0 7.5 0.0 0 1 3 1 1
-3007.5 -9880.2 -7.3 325 0 9.8 19.0 7.5 0.0 0 1 3 4 4
-3160.8 -9972.7 -7.2 305 0 15.5 18.5 10.0 0.0 0 1 4 3 3
-2906.3 -9834.9 -7.0 173 0 15.5 18.5 7.5 0.0 0 1 3 5 5
-2925.2 -9788.2 -7.2 145 0 9.8 19.0 7.5 0.0 0 1 3 2 2
-3275.4 -9677.5 -4.9 235 0 9.7 19.1 7.5 0.0 0 1 3 0 0
-2911.4 -9807.7 -7.3 163 0 13.0 18.5 15.0 0.0 0 1 6 3 3
-2889.5 -10300.8 -5.7 247 0 12.8 18.6 10.0 0.0 0 1 4 0 0
-2852.6 -10278.5 -5.2 247 0 12.8 18.6 10.0 0.0 0 1 4 1 1
-2760.1 -10199.0 -6.0 336 0 13.0 18.5 10.0 0.0 0 1 4 3 3
-3194.0 -9698.3 -4.5 55 0 9.8 19.1 7.5 0.0 0 1 3 4 4
-3166.0 -9741.0 -5.9 316 0 15.5 18.5 10.0 0.0 0 1 4 3 3
-2866.8 -10354.1 -4.9 55 0 9.7 19.1 7.5 0.0 0 1 3 4 4
-3269.5 -9743.4 -5.7 55 0 9.7 19.1 7.5 0.0 0 1 3 0 0
-3067.3 -9674.3 -4.0 145 0 9.8 19.0 7.5 0.0 0 1 3 3 3
-3178.7 -9942.3 -7.1 325 0 9.8 19.0 7.5 0.0 0 1 3 2 2
-2829.0 -10330.5 -4.3 55 0 9.7 19.1 7.5 0.0 0 1 3 5 5
-3027.8 -10169.3 -6.5 325 0 9.8 19.0 7.5 0.0 0 1 3 2 2
-3316.4 -9711.9 -5.4 225 0 15.4 18.6 7.5 0.0 0 1 3 1 1
-2772.4 -10117.6 -6.9 145 0 9.8 19.0 7.5 0.0 0 1 3 2 2
-2920.3 -9956.1 -6.4 155 0 13.0 18.5 10.0 0.0 0 1 4 1 1
-3128.3 -9740.0 -5.5 145 0 9.8 19.0 7.5 0.0 0 1 3 0 0
-2924.9 -9864.5 -6.5 234 0 9.7 19.1 7.5 0.0 0 1 3 4 4
-3211.7 -9772.2 -6.0 155 0 13.0 18.5 10.0 0.0 0 1 4 5 5
-2941.3 -10341.0 -6.3 145 0 9.8 19.0 7.5 0.0 0 1 3 0 0
-2769.8 -10322.1 -3.1 227 0 9.8 19.1 7.5 0.0 0 1 3 4 4
-3071.1 -9960.8 -5.8 236 0 9.7 19.1 7.5 0.0 0 1 3 4 4
-2725.4 -10243.8 -2.7 188 0 9.8 19.0 7.5 0.0 0 1 3 1 1
-2840.7 -10375.1 -4.3 244 0 9.7 19.1 7.5 0.0 0 1 3 2 2
-3099.3 -9682.0 -4.1 326 0 9.8 19.0 7.5 0.0 0 1 3 2 2
-3018.8 -10125.8 -6.0 145 0 9.8 19.0 7.5 0.0 0 1 3 5 5
-2822.2 -10203.3 -6.0 145 0 9.8 19.0 7.5 0.0 0 1 3 5 5
-3233.2 -9717.6 -5.2 55 0 9.7 19.1 7.5 0.0 0 1 3 1 1
-2907.6 -10233.7 -6.5 145 0 9.8 19.0 7.5 0.0 0 1 3 1 1
-3136.2 -9783.9 -6.4 325 0 9.8 19.0 7.5 0.0 0 1 3 0 0
-2861.1 -10046.7 -7.0 145 0 9.8 19.0 7.5 0.0 0 1 3 1 1
-3137.4 -9988.2 -7.2 301 0 13.0 18.6 12.5 0.0 0 1 5 2 2
-2994.3 -9626.2 -3.9 145 0 9.8 19.0 7.5 0.0 0 1 3 1 1
-2788.2 -10296.4 -3.9 45 0 15.4 18.6 7.5 0.0 0 1 3 1 1
-3233.1 -9795.7 -5.3 325 0 9.8 19.0 7.5 0.0 0 1 3 4 4
-2940.3 -10240.8 -6.8 325 0 9.8 19.0 7.5 0.0 0 1 3 1 1
-2834.5 -10185.2 -5.9 145 0 9.8 19.0 7.5 0.0 0 1 3 5 5
-3031.6 -9844.2 -7.3 325 0 9.8 19.0 7.5 0.0 0 1 3 0 0
-3121.4 -9989.6 -6.8 256 0 15.4 18.6 7.5 0.0 0 1 3 1 1
-2805.5 -10125.7 -6.4 325 0 9.8 19.0 7.5 0.0 0 1 3 5 5
-2884.8 -10009.8 -6.9 145 0 9.8 19.0 7.5 0.0 0 1 3 3 3
-3237.7 -9655.1 -4.1 235 0 9.8 19.1 7.5 0.0 0 1 3 3 3
-3004.8 -10245.5 -6.9 145 0 9.8 19.0 7.5 0.0 0 1 3 4 4
-3052.3 -10132.3 -6.3 325 0 9.8 19.0 7.5 0.0 0 1 3 4 4
-2881.3 -10392.7 -4.9 249 0 9.7 19.1 7.5 0.0 0 1 3 3 3
-2911.5 -9850.2 -6.6 222 0 12.8 18.5 7.5 0.0 0 1 3 5 5
-3072.1 -9886.8 -7.2 145 0 9.8 19.0 7.5 0.0 0 1 3 4 4
-2836.0 -9821.1 -6.4 326 0 9.8 19.0 7.5 0.0 0 1 3 5 5
-2869.6 -10288.9 -5.3 237 0 9.7 19.1 7.5 0.0 0 1 3 5 5
-2931.7 -10196.6 -6.3 145 0 9.8 19.0 7.5 0.0 0 1 3 4 4
-2885.0 -10360.4 -5.3 67 0 12.8 18.6 12.5 0.0 0 1 5 2 2
-2781.5 -10161.5 -6.3 325 0 9.8 19.0 7.5 0.0 0 1 3 5 5
-2909.8 -9973.1 -6.7 145 0 9.8 19.0 7.5 0.0 0 1 3 2 2
-2969.8 -9662.7 -4.7 146 0 9.8 19.0 7.5 0.0 0 1 3 1 1
-3273.5 -9838.5 -4.8 145 0 9.8 19.0 7.5 0.0 0 1 3 3 3
-3200.4 -9789.6 -6.0 145 0 9.8 19.0 7.5 0.0 0 1 3 0 0
-2848.1 -9802.9 -7.0 326 0 9.8 19.0 7.5 0.0 0 1 3 3 3
-3057.7 -9947.9 -6.3 222 0 12.8 18.5 12.5 0.0 0 1 5 3 3
-2866.4 -10191.4 -6.2 325 0 9.8 19.0 7.5 0.0 0 1 3 5 5
-3213.7 -9705.9 -4.8 66 0 12.8 18.6 10.0 0.0 0 1 4 2 2
-2748.3 -10154.3 -6.5 146 0 9.8 19.0 7.5 0.0 0 1 3 2 2
-2958.1 -9797.4 -7.1 327 0 9.8 19.0 7.5 0.0 0 1 3 4 4
-2962.0 -9892.5 -6.7 145 0 9.8 19.0 7.5 0.0 0 1 3 0 0
-3054.2 -9924.5 -6.8 183 0 9.8 19.0 7.5 0.0 0 1 3 2 2
-2987.4 -10030.6 -6.1 121 0 13.0 18.6 7.5 0.0 0 1 3 4 4
-2909.0 -10308.5 -6.0 237 0 9.7 19.1 7.5 0.0 0 1 3 0 0
-2917.9 -10016.7 -6.4 325 0 9.8 19.0 7.5 0.0 0 1 3 2 2
-3075.2 -9719.3 -5.1 326 0 9.8 19.0 7.5 0.0 0 1 3 3 3
-2946.0 -10076.3 -6.1 145 0 9.8 19.0 7.5 0.0 0 1 3 3 3
-3105.6 -9893.2 -5.9 325 0 9.8 19.0 7.5 0.0 0 1 3 0 0
-3219.3 -9647.6 -3.8 245 0 12.8 18.6 7.5 0.0 0 1 3 0 0
-3151.5 -9396.7 -4.8 145 0 32.7 23.2 10.0 0.0 0 0 4 2 2
-2682.8 -10824.8 -9.1 55 0 30.5 23.6 14.0 0.0 0 0 4 2 2
-2992.5 -10323.2 -6.4 326 0 21.7 20.1 7.5 2.5 2 0 3 0 0
-2755.1 -10749.6 -9.9 326 0 36.7 27.6 10.0 0.0 0 0 4 5 5
-2773.3 -10684.3 -10.4 235 0 30.5 23.6 14.0 0.0 0 0 4 0 0
-2728.0 -10826.3 -8.6 235 0 30.5 23.6 14.0 0.0 0 0 4 4 4
-3042.7 -10357.1 -5.4 326 0 21.7 20.1 10.0 2.5 4 0 4 4 4
-2753.1 -10729.4 -10.0 146 0 30.5 23.6 14.0 0.0 0 0 4 4 4
-2865.6 -10821.5 -6.3 146 0 36.7 27.6 10.0 0.0 0 0 4 3 3
-3000.8 -10459.6 -5.7 146 0 21.7 20.1 12.5 0.0 0 0 5 3 3
-3139.1 -9426.7 -6.1 235 0 23.2 32.7 12.5 0.0 0 1 5 4 4
-2731.7 -10759.7 -9.6 146 0 30.5 23.6 14.0 0.0 0 0 4 4 4
-2933.2 -10413.9 -5.7 326 0 21.7 20.1 7.5 2.5 2 0 3 5 5
-2759.5 -10830.0 -8.0 56 0 27.6 36.7 10.0 0.0 0 1 4 0 0
-3009.6 -10074.9 -5.6 328 0 7.1 8.1 7.5 2.5 2 1 3 3 3
-2760.0 -10848.2 -8.0 235 0 30.5 23.6 14.0 0.0 0 0 4 4 4
-3042.5 -10323.2 -5.7 234 0 21.6 20.2 12.5 2.5 2 0 5 5 5
-3167.1 -9327.9 -2.9 235 0 23.3 32.7 12.5 0.0 0 1 5 1 1
-2963.8 -10442.5 -5.6 234 0 21.6 20.2 10.0 2.5 2 0 4 2 2
-2713.1 -10790.5 -8.9 146 0 30.5 23.6 14.0 0.0 0 0 4 4 4
-2977.9 -10363.5 -6.6 56 0 20.1 21.7 7.5 2.5 2 1 3 3 3
-2730.1 -10788.7 -8.9 326 0 36.7 27.7 10.0 0.0 0 0 4 4 4
-2823.0 -10887.7 -7.0 235 0 30.5 23.6 14.0 0.0 0 0 4 1 1
-3001.2 -10421.9 -5.8 326 0 21.7 20.1 7.5 2.5 2 0 3 0 0
-3025.8 -10382.9 -5.8 326 0 21.7 20.1 7.5 2.5 2 0 3 3 3
-2805.6 -10760.1 -9.4 236 0 27.6 36.7 12.5 0.0 0 1 5 0 0
-2839.0 -10859.4 -6.8 146 0 36.7 27.6 12.5 0.0 0 0 5 2 2
-3112.4 -9409.0 -5.5 235 0 23.3 32.7 10.0 0.0 0 1 4 5 5
-2964.9 -10384.3 -6.2 236 0 20.1 21.7 7.5 2.5 2 1 3 0 0
-2788.2 -10848.5 -7.5 56 0 27.6 36.7 7.5 0.0 0 1 3 4 4
-2834.9 -10780.0 -7.8 236 0 27.6 36.7 10.0 0.0 0 1 4 5 5
-3167.1 -9445.3 -7.7 235 0 23.3 32.7 12.5 0.0 0 1 5 1 1
-2791.4 -10868.4 -7.5 235 0 30.5 23.6 14.0 0.0 0 0 4 0 0
-3045.8 -10291.5 -6.8 73 0 18.2 30.4 12.5 2.5 2 1 5 1 1
