2633.9 12380.0 -12.8 208 0 114.6 44.8 12.5 0.0 0 0 5 4 4
937.3 9586.3 -10.1 117 0 13.9 5.4 7.5 2.5 2 0 3 0 0
993.5 9728.6 -9.7 297 0 13.9 5.4 7.5 2.5 2 0 3 3 3
876.8 9621.5 -10.8 207 0 5.4 13.9 5.0 2.5 2 1 2 2 2
1113.4 9608.5 -8.6 27 0 5.4 13.9 7.5 0.0 0 1 3 1 1
597.8 9975.3 -6.6 207 0 5.4 13.9 7.5 2.5 2 1 3 1 1
1060.4 9488.0 -9.1 117 0 13.9 5.4 5.0 2.5 4 0 2 5 5
1106.4 9745.2 -10.0 297 0 13.9 5.4 7.5 2.5 2 0 3 1 1
1169.9 9521.9 -8.9 27 0 5.4 13.9 7.5 0.0 0 1 3 0 0
963.3 9835.5 -8.8 297 0 4.9 13.3 7.5 2.5 2 1 3 2 2
971.5 9611.9 -10.3 117 0 13.9 5.4 7.5 2.5 2 0 3 1 1
596.9 9841.8 -8.1 117 0 13.9 5.4 7.5 2.5 2 0 3 5 5
982.3 9803.9 -8.3 297 0 13.9 5.4 5.0 2.5 2 0 2 3 3
1110.3 9657.0 -9.2 297 0 13.9 5.4 5.0 2.5 2 0 2 5 5
988.0 9591.4 -9.9 118 0 4.9 13.3 7.5 2.5 2 1 3 5 5
496.7 9929.9 -8.6 27 0 5.4 13.9 7.5 0.0 0 1 3 3 3
1080.9 9589.7 -8.9 27 0 5.4 13.9 5.0 2.5 2 1 2 4 4
1083.4 9702.7 -10.1 297 0 13.9 5.4 2.5 2.5 2 0 1 5 5
552.6 9889.5 -8.7 207 0 5.4 13.9 5.0 2.5 2 1 2 2 2
1015.4 9534.6 -9.0 117 0 13.9 5.4 7.5 2.5 2 0 3 4 4
895.9 9814.2 -7.3 207 0 5.4 13.9 7.5 2.5 2 1 3 4 4
1148.8 9691.0 -8.9 297 0 13.9 5.4 7.5 2.5 2 0 3 2 2
1123.3 9550.8 -8.7 28 0 13.3 4.9 7.5 2.5 4 0 3 4 4
492.6 9897.0 -8.6 117 0 13.9 5.4 7.5 2.5 2 0 3 2 2
1021.4 9703.0 -10.7 297 0 13.9 5.4 2.5 2.5 2 0 1 3 3
604.7 10015.8 -6.4 27 0 5.4 13.9 7.5 2.5 2 1 3 2 2
584.1 9910.8 -8.9 207 0 5.4 13.9 7.5 2.5 4 1 3 1 1
992.2 9569.1 -9.6 117 0 13.9 5.4 2.5 2.5 2 0 1 0 0
937.1 9839.3 -8.2 297 0 13.9 5.4 7.5 0.0 0 0 3 3 3
1041.7 9530.6 -8.6 117 0 13.9 5.4 7.5 2.5 2 0 3 0 0
1038.6 9707.5 -10.8 298 0 4.9 13.3 5.0 2.5 2 1 2 3 3
940.0 9552.2 -9.6 117 0 13.9 5.4 7.5 2.5 2 0 3 1 1
1020.6 9780.1 -8.5 297 0 13.9 5.4 7.5 2.5 2 0 3 0 0
885.7 9638.8 -10.8 207 0 5.4 13.9 5.0 2.5 2 1 2 5 5
542.3 10028.5 -6.4 297 0 13.9 5.4 2.5 2.5 2 0 1 1 1
975.9 9752.7 -9.0 297 0 13.9 5.4 7.5 2.5 4 0 3 5 5
1209.2 9632.9 -8.3 27 0 5.4 13.9 7.5 2.5 2 1 3 1 1
615.2 9932.1 -8.3 207 0 5.4 13.9 7.5 2.5 2 1 3 3 3
1051.6 9470.7 -9.5 117 0 13.9 5.4 7.5 2.5 2 0 3 4 4
1086.4 9668.4 -9.7 297 0 13.9 5.4 7.5 0.0 0 0 3 1 1
1089.4 9462.2 -9.5 117 0 13.9 5.4 7.5 2.5 2 0 3 1 1
935.2 9784.8 -8.3 298 0 4.9 13.3 7.5 2.5 2 1 3 3 3
489.2 9995.4 -7.5 209 0 22.3 13.1 10.0 2.5 2 0 4 5 5
824.9 9577.6 -10.7 118 0 4.9 13.3 5.0 2.5 2 1 2 2 2
919.9 9664.7 -10.7 207 0 5.4 13.9 7.5 2.5 2 1 3 5 5
970.9 9820.7 -8.5 297 0 13.9 5.4 7.5 0.0 0 0 3 3 3
1101.2 9639.9 -9.1 297 0 13.9 5.4 5.0 2.5 2 0 2 1 1
961.4 9562.0 -9.7 118 0 4.9 13.3 7.5 2.5 2 1 3 3 3
1053.7 9513.7 -8.8 117 0 13.9 5.4 7.5 2.5 2 0 3 1 1
1155.7 9495.9 -9.1 27 0 5.4 13.9 5.0 2.5 4 1 2 0 0
851.3 9631.3 -10.6 208 0 13.3 4.9 5.0 0.0 0 0 2 2 2
967.4 9603.6 -10.2 117 0 13.9 5.4 5.0 0.0 0 0 2 0 0
551.7 9955.9 -8.1 27 0 5.4 13.9 5.0 2.5 2 1 2 0 0
886.9 9797.3 -7.9 207 0 5.4 13.9 5.0 2.5 2 1 2 2 2
1090.7 9494.2 -9.0 118 0 4.9 13.3 7.5 2.5 2 1 3 0 0
536.6 9888.1 -8.7 27 0 5.4 13.9 7.5 2.5 4 1 3 4 4
618.5 9974.9 -6.5 207 0 5.4 13.9 5.0 2.5 2 1 2 0 0
985.6 9517.2 -9.3 117 0 13.9 5.4 7.5 2.5 4 0 3 1 1
609.8 9882.0 -8.5 207 0 5.4 13.9 5.0 2.5 2 1 2 2 2
1037.8 9577.2 -9.3 117 0 13.9 5.4 7.5 2.5 2 0 3 3 3
928.6 9821.4 -7.6 297 0 13.9 5.4 7.5 2.5 2 0 3 1 1
1135.3 9665.7 -8.9 297 0 13.9 5.4 7.5 2.5 2 0 3 5 5
1147.7 9616.9 -8.3 28 0 13.3 4.9 7.5 2.5 2 0 3 4 4
472.5 9896.5 -8.4 117 0 13.9 5.4 7.5 2.5 2 0 3 2 2
924.9 9672.4 -10.6 207 0 5.4 13.9 2.5 2.5 2 1 1 0 0
984.3 9711.5 -10.3 297 0 13.9 5.4 7.5 2.5 2 0 3 0 0
1166.3 9589.8 -8.5 27 0 5.4 13.9 7.5 2.5 2 1 3 1 1
875.0 9564.5 -10.6 117 0 13.9 5.4 7.5 2.5 2 0 3 1 1
1239.3 9650.2 -8.3 27 0 5.4 13.9 7.5 2.5 4 1 3 2 2
1005.8 9594.4 -9.9 117 0 13.9 5.4 7.5 2.5 2 0 3 1 1
943.0 9846.8 -8.8 297 0 13.9 5.4 7.5 2.5 2 0 3 1 1
1083.5 9555.6 -8.5 27 0 5.4 13.9 7.5 2.5 4 1 3 2 2
1147.0 9594.5 -8.4 28 0 13.3 4.9 7.5 2.5 2 0 3 5 5
450.9 9909.1 -8.2 117 0 13.9 5.4 7.5 2.5 2 0 3 1 1
915.2 9543.6 -10.3 117 0 13.9 5.4 7.5 2.5 2 0 3 2 2
998.2 9737.6 -9.4 297 0 13.9 5.4 5.0 2.5 2 0 2 4 4
867.9 9590.4 -10.5 117 0 13.9 5.4 7.5 2.5 2 0 3 1 1
998.3 9795.2 -8.4 297 0 13.9 5.4 7.5 2.5 2 0 3 1 1
1184.3 9624.2 -8.3 27 0 5.4 13.9 5.0 2.5 2 1 2 1 1
604.9 9950.1 -7.8 207 0 5.4 13.9 2.5 2.5 4 1 1 0 0
1049.3 9676.8 -10.4 297 0 13.9 5.4 7.5 2.5 2 0 3 1 1
955.3 9840.4 -8.8 298 0 4.9 13.3 5.0 2.5 2 1 2 2 2
473.2 10078.4 -6.2 207 0 5.4 13.9 5.0 2.5 4 1 2 0 0
915.7 9656.3 -10.8 207 0 5.4 13.9 7.5 2.5 2 1 3 0 0
1105.3 9648.2 -9.1 297 0 13.9 5.4 7.5 2.5 4 0 3 5 5
951.8 9545.7 -9.5 118 0 4.9 13.3 5.0 2.5 2 1 2 1 1
1095.3 9538.6 -8.7 27 0 5.4 13.9 7.5 2.5 2 1 3 3 3
1079.3 9694.3 -10.1 297 0 13.9 5.4 7.5 2.5 2 0 3 5 5
1178.6 9538.5 -8.8 27 0 5.4 13.9 7.5 2.5 2 1 3 0 0
934.5 9634.7 -10.7 207 0 5.4 13.9 5.0 2.5 2 1 2 2 2
560.1 9864.3 -8.3 207 0 5.4 13.9 7.5 0.0 0 1 3 1 1
999.5 9543.3 -9.2 117 0 13.9 5.4 5.0 2.5 2 0 2 2 2
882.2 9788.3 -8.0 207 0 5.4 13.9 7.5 2.5 2 1 3 3 3
1115.3 9555.7 -8.6 28 0 13.3 4.9 2.5 2.5 2 0 1 1 1
524.4 9904.3 -8.9 27 0 5.4 13.9 7.5 2.5 2 1 3 2 2
1064.7 9573.8 -8.8 117 0 13.9 5.4 5.0 0.0 0 0 2 2 2
975.5 9694.2 -10.6 297 0 13.9 5.4 7.5 2.5 2 0 3 5 5
1119.5 9504.8 -8.9 27 0 5.4 13.9 7.5 2.5 2 1 3 1 1
606.5 9992.6 -6.4 207 0 5.4 13.9 7.5 2.5 2 1 3 4 4
1010.4 9525.8 -8.9 117 0 13.9 5.4 2.5 2.5 2 0 1 4 4
589.3 9881.8 -8.6 207 0 5.4 13.9 7.5 2.5 2 1 3 3 3
897.0 9698.0 -10.0 207 0 5.4 13.9 7.5 0.0 0 1 3 5 5
1030.2 9720.3 -10.3 297 0 13.9 5.4 7.5 2.5 2 0 3 0 0
1191.2 9598.5 -8.5 27 0 5.4 13.9 5.0 0.0 0 1 2 0 0
863.2 9581.5 -10.5 117 0 13.9 5.4 7.5 2.5 2 0 3 1 1
1206.4 9681.3 -8.0 297 0 13.9 5.4 7.5 2.5 2 0 3 1 1
951.1 9523.3 -9.9 118 0 4.9 13.3 2.5 2.5 2 1 1 1 1
1045.6 9723.8 -10.5 297 0 4.9 13.3 5.0 2.5 2 1 2 1 1
926.0 9603.8 -10.4 117 0 13.9 5.4 7.5 2.5 2 0 3 4 4
1011.8 9762.9 -8.4 297 0 13.9 5.4 7.5 2.5 2 0 3 3 3
574.4 9998.0 -6.5 27 0 5.4 13.9 2.5 2.5 2 1 1 5 5
1218.7 9649.9 -8.2 27 0 5.4 13.9 7.5 2.5 2 1 3 2 2
1039.8 9487.7 -9.2 117 0 13.9 5.4 7.5 2.5 2 0 3 2 2
1095.2 9685.7 -9.8 297 0 13.9 5.4 5.0 2.5 4 0 2 4 4
1151.6 9487.6 -9.1 27 0 5.4 13.9 7.5 2.5 2 1 3 3 3
944.8 9801.1 -7.7 298 0 4.9 13.3 5.0 2.5 2 1 2 5 5
447.7 10018.5 -7.2 207 0 35.9 12.1 10.0 2.5 2 0 4 1 1
943.4 9652.0 -10.8 207 0 5.4 13.9 7.5 2.5 2 1 3 0 0
964.1 9769.6 -8.5 297 0 13.9 5.4 5.0 2.5 2 0 2 4 4
1138.2 9617.1 -8.3 27 0 5.4 13.9 5.0 2.5 2 1 2 4 4
998.3 9630.2 -10.4 118 0 4.9 13.3 5.0 2.5 2 1 2 1 1
1117.1 9580.8 -8.4 27 0 5.4 13.9 5.0 2.5 2 1 2 4 4
1063.2 9702.9 -10.4 297 0 13.9 5.4 7.5 0.0 0 0 3 2 2
1146.6 9555.7 -8.7 27 0 5.4 13.9 7.5 2.5 2 1 3 1 1
968.2 9660.0 -10.9 207 0 5.4 13.9 7.5 2.5 2 1 3 2 2
548.3 9881.3 -8.5 207 0 5.4 13.9 7.5 0.0 0 1 3 1 1
508.4 9950.1 -8.8 27 0 5.4 13.9 5.0 2.5 2 1 2 0 0
994.4 9534.5 -9.1 117 0 13.9 5.4 5.0 2.5 2 0 2 5 5
875.1 9813.8 -7.4 207 0 5.4 13.9 7.5 2.5 2 1 3 2 2
1130.6 9656.8 -8.8 297 0 13.9 5.4 5.0 2.5 2 0 2 1 1
504.7 9905.0 -8.7 27 0 5.4 13.9 5.0 2.5 2 1 2 4 4
879.0 9664.6 -10.4 207 0 5.4 13.9 7.5 2.5 2 1 3 4 4
1000.4 9702.9 -10.6 297 0 13.9 5.4 7.5 2.5 2 0 3 3 3
1145.1 9513.3 -8.9 27 0 5.4 13.9 7.5 2.5 2 1 3 1 1
974.2 9534.7 -9.2 117 0 13.9 5.4 7.5 2.5 2 0 3 5 5
1010.5 9603.4 -10.0 117 0 13.9 5.4 7.5 2.5 4 0 3 0 0
1138.9 9599.4 -8.4 28 0 13.3 4.9 5.0 2.5 4 0 2 3 3
499.6 9871.0 -8.5 117 0 13.9 5.4 7.5 0.0 0 0 3 5 5
1052.6 9762.9 -9.3 297 0 13.9 5.4 2.5 2.5 4 0 1 4 4
1187.1 9590.2 -8.5 27 0 5.4 13.9 5.0 2.5 2 1 2 0 0
547.0 10037.8 -6.3 297 0 13.9 5.4 2.5 2.5 2 0 1 1 1
611.7 9924.4 -8.4 207 0 5.4 13.9 7.5 2.5 2 1 3 4 4
1092.4 9572.9 -8.5 27 0 5.4 13.9 7.5 2.5 2 1 3 3 3
962.1 9594.9 -10.1 117 0 13.9 5.4 5.0 2.5 2 0 2 5 5
1009.6 9720.0 -9.9 297 0 13.9 5.4 7.5 2.5 2 0 3 4 4
1007.0 9811.8 -9.1 297 0 13.9 5.4 2.5 2.5 2 0 1 2 2
1129.4 9599.9 -8.3 27 0 5.4 13.9 7.5 2.5 4 1 3 3 3
657.7 9957.2 -6.6 297 0 13.9 5.4 7.5 2.5 2 0 3 4 4
1090.3 9753.8 -10.1 297 0 13.9 5.4 5.0 2.5 4 0 2 3 3
1126.8 9479.0 -9.1 27 0 5.4 13.9 5.0 2.5 2 1 2 1 1
913.1 9767.5 -8.6 208 0 13.3 4.9 7.5 2.5 2 0 3 2 2
955.6 9620.6 -10.5 117 0 13.9 5.4 7.5 2.5 4 0 3 5 5
555.7 9964.1 -7.6 27 0 5.4 13.9 5.0 2.5 4 1 2 2 2
1126.4 9648.4 -8.8 297 0 13.9 5.4 7.5 2.5 2 0 3 4 4
540.7 9896.1 -8.8 27 0 5.4 13.9 5.0 2.5 2 1 2 5 5
1104.2 9555.9 -8.6 27 0 5.4 13.9 7.5 0.0 0 1 3 3 3
1123.7 9513.2 -8.9 27 0 5.4 13.9 7.5 2.5 2 1 3 5 5
965.4 9517.4 -9.8 117 0 13.9 5.4 7.5 2.5 4 0 3 3 3
605.6 9873.6 -8.4 207 0 5.4 13.9 5.0 2.5 4 1 2 3 3
544.7 9904.7 -8.9 27 0 5.4 13.9 5.0 2.5 4 1 2 2 2
1019.5 9542.9 -9.1 117 0 13.9 5.4 5.0 2.5 4 0 2 4 4
879.8 9822.8 -7.1 207 0 5.4 13.9 7.5 2.5 2 1 3 3 3
1123.3 9682.6 -9.3 297 0 13.9 5.4 5.0 2.5 4 0 2 5 5
1124.8 9572.0 -8.5 28 0 13.3 4.9 5.0 2.5 2 0 2 4 4
913.1 9689.4 -10.3 207 0 5.4 13.9 5.0 2.5 2 1 2 5 5
777.7 9711.0 -8.9 118 0 37.5 72.5 15.0 0.0 0 1 6 0 0
651.3 9982.9 -6.3 297 0 13.9 5.4 7.5 2.5 4 0 3 1 1
1221.0 9616.0 -8.5 27 0 5.4 13.9 2.5 2.5 4 1 1 1 1
567.9 9919.0 -9.0 207 0 5.4 13.9 5.0 2.5 2 1 2 1 1
1023.4 9628.3 -10.2 117 0 13.9 5.4 5.0 2.5 2 0 2 3 3
921.2 9847.9 -8.1 297 0 13.9 5.4 7.5 2.5 2 0 3 1 1
1057.8 9522.0 -8.7 117 0 13.9 5.4 7.5 2.5 2 0 3 3 3
479.8 9871.5 -8.4 117 0 13.9 5.4 7.5 2.5 2 0 3 1 1
935.2 9543.3 -9.8 117 0 13.9 5.4 5.0 2.5 2 0 2 2 2
1180.1 9615.9 -8.3 27 0 5.4 13.9 7.5 2.5 2 1 3 3 3
888.0 9590.1 -10.4 117 0 13.9 5.4 7.5 2.5 2 0 3 3 3
980.0 9761.0 -8.7 297 0 13.9 5.4 5.0 2.5 2 0 2 4 4
1202.6 9658.5 -8.1 27 0 5.4 13.9 2.5 2.5 2 1 1 1 1
599.7 9940.8 -8.3 207 0 5.4 13.9 7.5 2.5 2 1 3 2 2
1061.3 9659.9 -10.0 297 0 13.9 5.4 7.5 0.0 0 0 3 2 2
936.7 9806.1 -7.6 298 0 4.9 13.3 7.5 2.5 2 1 3 4 4
475.6 10044.3 -6.5 207 0 5.4 13.9 7.5 2.5 2 1 3 0 0
887.2 9691.5 -9.8 118 0 4.9 13.3 5.0 2.5 2 1 2 1 1
903.9 9673.3 -10.4 207 0 5.4 13.9 2.5 2.5 2 1 1 0 0
533.9 9997.7 -6.7 27 0 5.4 13.9 7.5 2.5 2 1 3 2 2
966.2 9812.5 -8.2 297 0 13.9 5.4 5.0 2.5 2 0 2 3 3
1122.3 9625.8 -8.7 27 0 5.4 13.9 7.5 2.5 2 1 3 4 4
629.4 9958.3 -6.9 207 0 5.4 13.9 7.5 0.0 0 1 3 2 2
1067.3 9711.2 -10.4 297 0 13.9 5.4 7.5 2.5 2 0 3 1 1
1161.0 9504.6 -9.0 27 0 5.4 13.9 5.0 2.5 2 1 2 4 4
960.3 9629.6 -10.6 117 0 13.9 5.4 7.5 2.5 4 0 3 0 0
536.2 9964.6 -7.9 27 0 5.4 13.9 2.5 2.5 4 1 1 3 3
973.5 9786.6 -7.8 297 0 13.9 5.4 7.5 2.5 2 0 3 4 4
1160.6 9674.0 -8.6 297 0 13.9 5.4 5.0 2.5 2 0 2 4 4
1096.7 9521.4 -8.8 28 0 13.3 4.9 7.5 2.5 2 0 3 2 2
528.4 9912.9 -8.9 27 0 5.4 13.9 5.0 2.5 2 1 2 3 3
987.4 9677.3 -10.9 297 0 13.9 5.4 7.5 2.5 2 0 3 3 3
1137.8 9539.1 -8.8 27 0 5.4 13.9 2.5 2.5 2 1 1 3 3
602.3 9983.1 -6.5 207 0 5.4 13.9 5.0 2.5 2 1 2 3 3
969.5 9525.8 -9.5 117 0 13.9 5.4 7.5 2.5 2 0 3 3 3
584.2 9872.5 -8.4 207 0 5.4 13.9 7.5 2.5 2 1 3 2 2
533.4 9921.1 -9.0 27 0 5.4 13.9 7.5 2.5 2 1 3 3 3
905.2 9830.8 -7.5 207 0 5.4 13.9 7.5 2.5 4 1 3 2 2
1139.4 9674.0 -8.9 297 0 13.9 5.4 7.5 2.5 2 0 3 2 2
1155.8 9611.9 -8.3 28 0 13.3 4.9 5.0 0.0 0 0 2 3 3
523.3 9862.1 -8.4 27 0 5.4 13.9 5.0 0.0 0 1 2 0 0
989.3 9720.3 -10.0 297 0 13.9 5.4 2.5 2.5 2 0 1 1 1
1171.0 9598.8 -8.4 27 0 5.4 13.9 7.5 2.5 2 1 3 3 3
640.0 10000.9 -6.7 297 0 13.9 5.4 7.5 2.5 4 0 3 1 1
1243.4 9658.5 -7.9 27 0 5.4 13.9 2.5 2.5 2 1 1 2 2
628.0 9916.2 -8.1 207 0 5.4 13.9 7.5 2.5 2 1 3 5 5
1001.7 9586.1 -9.8 117 0 13.9 5.4 2.5 2.5 2 0 1 0 0
1073.5 9763.2 -9.8 297 0 13.9 5.4 5.0 2.5 2 0 2 2 2
1050.6 9547.9 -8.7 117 0 13.9 5.4 5.0 2.5 2 0 2 0 0
1029.0 9691.2 -10.8 297 0 4.9 13.3 7.5 2.5 2 1 3 2 2
454.5 9917.7 -8.2 117 0 13.9 5.4 7.5 2.5 2 0 3 4 4
1041.4 9779.8 -9.0 297 0 13.9 5.4 5.0 2.5 2 0 2 4 4
883.8 9581.8 -10.3 117 0 13.9 5.4 2.5 2.5 2 0 1 4 4
579.0 10006.1 -6.4 27 0 5.4 13.9 5.0 2.5 2 1 2 5 5
1002.9 9803.5 -8.7 297 0 13.9 5.4 5.0 2.5 2 0 2 0 0
1200.4 9615.6 -8.4 27 0 5.4 13.9 7.5 2.5 2 1 3 2 2
1054.4 9685.6 -10.4 297 0 13.9 5.4 7.5 2.5 2 0 3 1 1
1028.3 9668.8 -10.5 298 0 4.9 13.3 5.0 0.0 0 1 2 0 0
496.6 10068.7 -6.2 297 0 13.9 5.4 5.0 2.5 2 0 2 0 0
933.2 9578.0 -10.0 117 0 13.9 5.4 5.0 2.5 2 0 2 0 0
588.0 9825.2 -8.1 117 0 13.9 5.4 7.5 2.5 2 0 3 2 2
872.7 9613.2 -10.7 207 0 5.4 13.9 2.5 2.5 2 1 1 0 0
572.0 9955.9 -7.8 27 0 5.4 13.9 7.5 2.5 2 1 3 4 4
943.8 9769.9 -8.6 297 0 13.9 5.4 7.5 2.5 2 0 3 1 1
1117.6 9616.8 -8.6 27 0 5.4 13.9 7.5 2.5 2 1 3 2 2
978.2 9574.6 -9.8 118 0 4.9 13.3 7.5 2.5 2 1 3 1 1
1099.4 9546.9 -8.6 27 0 5.4 13.9 7.5 2.5 4 1 3 5 5
1081.5 9737.2 -10.3 297 0 13.9 5.4 7.5 2.5 2 0 3 2 2
930.4 9626.4 -10.6 207 0 5.4 13.9 2.5 2.5 2 1 1 2 2
515.5 9964.3 -8.2 27 0 5.4 13.9 5.0 2.5 2 1 2 2 2
898.1 9779.6 -8.3 207 0 5.4 13.9 7.5 2.5 2 1 3 5 5
1081.2 9477.9 -9.2 118 0 4.9 13.3 5.0 2.5 2 1 2 5 5
1060.0 9564.9 -8.7 117 0 13.9 5.4 7.5 2.5 2 0 3 2 2
997.4 9500.2 -9.5 117 0 13.9 5.4 2.5 2.5 2 0 1 1 1
573.8 9890.5 -8.7 207 0 5.4 13.9 7.5 2.5 2 1 3 5 5
1035.4 9611.4 -9.8 117 0 13.9 5.4 7.5 2.5 2 0 3 4 4
1052.4 9642.7 -9.9 297 0 13.9 5.4 7.5 2.5 4 0 3 1 1
1176.7 9674.6 -8.2 298 0 4.9 13.3 7.5 2.5 2 1 3 5 5
511.5 9878.8 -8.6 27 0 5.4 13.9 7.5 2.5 2 1 3 5 5
892.9 9689.6 -10.1 207 0 5.4 13.9 7.5 2.5 2 1 3 4 4
1198.3 9572.6 -8.7 27 0 5.4 13.9 2.5 2.5 2 1 1 2 2
847.1 9590.0 -10.7 117 0 13.9 5.4 2.5 2.5 2 0 1 0 0
551.7 10046.5 -6.1 297 0 13.9 5.4 7.5 2.5 2 0 3 2 2
1202.3 9673.0 -8.1 297 0 13.9 5.4 7.5 2.5 2 0 3 2 2
1008.3 9560.6 -9.4 117 0 13.9 5.4 7.5 2.5 2 0 3 2 2
959.9 9540.8 -9.4 118 0 4.9 13.3 7.5 2.5 4 1 3 3 3
1066.6 9539.3 -8.6 117 0 13.9 5.4 5.0 2.5 2 0 2 3 3
1054.2 9719.7 -10.6 298 0 4.9 13.3 7.5 2.5 2 1 3 4 4
479.9 10052.7 -6.4 207 0 5.4 13.9 5.0 2.5 2 1 2 5 5
881.5 9630.5 -10.8 207 0 5.4 13.9 7.5 2.5 2 1 3 0 0
559.0 10006.8 -6.5 27 0 5.4 13.9 5.0 2.5 2 1 2 3 3
989.4 9778.0 -8.0 297 0 13.9 5.4 5.0 2.5 2 0 2 5 5
653.2 9949.4 -7.1 297 0 13.9 5.4 2.5 0.0 0 0 1 4 4
1099.4 9694.0 -9.8 297 0 13.9 5.4 5.0 2.5 2 0 2 1 1
945.5 9823.6 -8.0 298 0 4.9 13.3 5.0 2.5 2 1 2 3 3
742.0 9924.4 -6.9 299 0 13.0 37.0 7.5 0.0 0 1 3 1 1
939.2 9643.6 -10.8 207 0 5.4 13.9 7.5 2.5 2 1 3 1 1
551.7 9833.4 -8.1 117 0 13.9 5.4 7.5 0.0 0 0 3 5 5
883.7 9673.6 -10.3 207 0 5.4 13.9 7.5 2.5 4 1 3 5 5
560.4 9972.3 -7.0 27 0 5.4 13.9 7.5 2.5 2 1 3 1 1
969.4 9778.3 -8.1 297 0 13.9 5.4 7.5 2.5 2 0 3 3 3
1142.4 9625.5 -8.4 27 0 5.4 13.9 7.5 2.5 2 1 3 1 1
1006.3 9625.2 -10.3 117 0 4.9 13.3 7.5 0.0 0 1 3 4 4
1078.5 9522.4 -8.8 117 0 13.9 5.4 5.0 0.0 0 0 2 4 4
1058.5 9693.9 -10.4 297 0 13.9 5.4 7.5 2.5 2 0 3 4 4
1142.0 9547.4 -8.7 27 0 5.4 13.9 7.5 2.5 2 1 3 3 3
952.1 9668.5 -10.9 207 0 5.4 13.9 7.5 2.5 2 1 3 5 5
600.6 9864.3 -8.3 207 0 5.4 13.9 7.5 2.5 2 1 3 3 3
549.8 9912.9 -9.0 27 0 5.4 13.9 2.5 2.5 2 1 1 2 2
891.2 9805.3 -7.6 207 0 5.4 13.9 7.5 2.5 2 1 3 0 0
1169.5 9691.3 -8.6 297 0 13.9 5.4 7.5 2.5 2 0 3 2 2
1106.5 9538.2 -8.7 28 0 13.3 4.9 7.5 2.5 2 0 3 1 1
481.1 9914.0 -8.5 117 0 13.9 5.4 2.5 2.5 4 0 1 3 3
1007.5 9677.0 -10.9 297 0 13.9 5.4 7.5 2.5 2 0 3 5 5
645.5 9974.9 -6.4 297 0 13.9 5.4 7.5 2.5 2 0 3 3 3
1051.3 9602.7 -9.4 117 0 13.9 5.4 7.5 2.5 2 0 3 1 1
892.9 9848.3 -7.6 207 0 5.4 13.9 7.5 2.5 2 1 3 3 3
484.1 9879.7 -8.5 117 0 13.9 5.4 7.5 2.5 4 0 3 3 3
912.1 9577.8 -10.1 117 0 13.9 5.4 5.0 2.5 2 0 2 4 4
1057.3 9771.2 -9.1 297 0 13.9 5.4 5.0 2.5 2 0 2 0 0
1203.0 9581.6 -8.6 27 0 5.4 13.9 7.5 2.5 2 1 3 2 2
837.3 9570.7 -10.7 117 0 13.9 5.4 5.0 2.5 2 0 2 1 1
595.3 9997.8 -6.4 27 0 5.4 13.9 5.0 2.5 2 1 2 4 4
1032.6 9763.3 -8.9 297 0 13.9 5.4 7.5 0.0 0 0 3 1 1
596.2 9933.1 -8.6 207 0 5.4 13.9 5.0 2.5 2 1 2 2 2
1030.7 9603.1 -9.7 117 0 13.9 5.4 7.5 2.5 2 0 3 5 5
1030.6 9470.6 -9.6 117 0 13.9 5.4 2.5 2.5 4 0 1 0 0
1020.2 9673.7 -10.7 298 0 4.9 13.3 7.5 2.5 2 1 3 3 3
458.7 9940.1 -8.3 207 0 5.4 13.9 7.5 0.0 0 1 3 5 5
946.2 9603.6 -10.3 117 0 13.9 5.4 7.5 2.5 2 0 3 2 2
1014.3 9729.0 -9.7 297 0 13.9 5.4 5.0 0.0 0 0 2 2 2
533.1 10011.9 -6.6 297 0 13.9 5.4 7.5 2.5 2 0 3 1 1
1133.5 9608.2 -8.3 27 0 5.4 13.9 7.5 0.0 0 1 3 3 3
1085.6 9745.5 -10.2 297 0 13.9 5.4 7.5 2.5 2 0 3 3 3
1142.7 9470.3 -9.2 27 0 5.4 13.9 5.0 2.5 2 1 2 5 5
921.2 9762.6 -8.8 208 0 13.3 4.9 5.0 2.5 2 0 2 3 3
980.4 9629.2 -10.5 117 0 13.9 5.4 7.5 2.5 2 0 3 5 5
551.2 9847.7 -8.1 207 0 5.4 13.9 7.5 2.5 2 1 3 4 4
540.2 9972.8 -7.3 27 0 5.4 13.9 7.5 2.5 2 1 3 2 2
955.2 9752.4 -9.1 297 0 13.9 5.4 2.5 2.5 2 0 1 2 2
1147.4 9634.3 -8.4 27 0 5.4 13.9 5.0 2.5 2 1 2 4 4
1073.1 9482.8 -9.1 117 0 4.9 13.3 7.5 0.0 0 1 3 0 0
1108.3 9564.2 -8.5 27 0 5.4 13.9 7.5 2.5 2 1 3 4 4
1092.9 9719.6 -10.1 297 0 13.9 5.4 5.0 2.5 2 0 2 0 0
1162.7 9547.1 -8.8 27 0 5.4 13.9 2.5 2.5 2 1 1 1 1
981.4 9508.9 -9.6 117 0 13.9 5.4 5.0 2.5 2 0 2 1 1
884.4 9830.4 -7.0 207 0 5.4 13.9 5.0 2.5 2 1 2 2 2
1119.2 9674.3 -9.2 297 0 13.9 5.4 5.0 2.5 2 0 2 4 4
1132.9 9567.1 -8.6 28 0 13.3 4.9 7.5 2.5 2 0 3 5 5
527.9 9870.6 -8.5 27 0 5.4 13.9 7.5 2.5 2 1 3 4 4
911.0 9647.4 -10.8 207 0 5.4 13.9 7.5 2.5 2 1 3 4 4
1194.2 9564.3 -8.7 27 0 5.4 13.9 7.5 2.5 2 1 3 4 4
628.4 9992.4 -6.3 207 0 5.4 13.9 2.5 2.5 2 1 1 3 3
1225.2 9624.3 -8.4 27 0 5.4 13.9 7.5 2.5 2 1 3 3 3
1019.3 9620.0 -10.1 117 0 13.9 5.4 2.5 2.5 2 0 1 1 1
897.7 9857.2 -8.0 207 0 5.4 13.9 5.0 2.5 2 1 2 3 3
1185.5 9692.0 -8.3 298 0 4.9 13.3 7.5 2.5 4 1 3 0 0
463.6 9879.7 -8.2 117 0 13.9 5.4 7.5 2.5 2 0 3 4 4
919.3 9551.9 -10.0 117 0 13.9 5.4 7.5 2.5 4 0 3 3 3
1043.8 9745.6 -9.7 297 0 13.9 5.4 5.0 2.5 2 0 2 1 1
1196.2 9607.3 -8.4 27 0 5.4 13.9 2.5 2.5 2 1 1 3 3
985.3 9769.6 -8.3 297 0 13.9 5.4 5.0 2.5 2 0 2 0 0
1198.4 9650.2 -8.2 27 0 5.4 13.9 7.5 2.5 2 1 3 2 2
583.5 9949.1 -8.2 207 0 5.4 13.9 5.0 2.5 2 1 2 4 4
1017.8 9577.5 -9.6 117 0 13.9 5.4 7.5 2.5 2 0 3 3 3
1077.2 9651.3 -9.6 297 0 13.9 5.4 7.5 2.5 2 0 3 5 5
1117.6 9461.9 -9.4 27 0 5.4 13.9 7.5 0.0 0 1 3 2 2
1063.8 9735.7 -10.5 298 0 4.9 13.3 7.5 2.5 4 1 3 0 0
459.3 10053.0 -6.5 207 0 5.4 13.9 5.0 2.5 2 1 2 1 1
953.3 9577.6 -9.9 117 0 13.9 5.4 5.0 2.5 2 0 2 0 0
530.5 9847.2 -8.1 207 0 5.4 13.9 7.5 2.5 2 1 3 5 5
897.8 9607.3 -10.6 117 0 13.9 5.4 7.5 2.5 2 0 3 4 4
962.1 9804.2 -7.9 297 0 13.9 5.4 7.5 2.5 2 0 3 1 1
1108.8 9711.0 -9.7 297 0 13.9 5.4 2.5 2.5 2 0 1 0 0
1165.1 9512.9 -9.0 27 0 5.4 13.9 7.5 2.5 2 1 3 5 5
868.8 9657.7 -10.2 118 0 4.9 13.3 7.5 2.5 4 1 3 4 4
773.4 9907.5 -6.7 299 0 13.0 37.0 10.0 2.5 2 1 4 3 3
539.7 9864.3 -8.3 207 0 5.4 13.9 5.0 2.5 2 1 2 0 0
520.0 9972.8 -7.6 27 0 5.4 13.9 5.0 2.5 2 1 2 1 1
1085.0 9598.0 -8.9 27 0 5.4 13.9 5.0 2.5 2 1 2 1 1
1003.4 9668.6 -10.8 297 0 13.9 5.4 2.5 2.5 2 0 1 0 0
1133.1 9530.1 -8.8 27 0 5.4 13.9 5.0 2.5 2 1 2 3 3
661.9 9966.7 -6.4 297 0 13.9 5.4 5.0 2.5 2 0 2 2 2
568.8 9881.3 -8.5 207 0 5.4 13.9 7.5 2.5 2 1 3 1 1
518.0 9929.9 -8.8 27 0 5.4 13.9 7.5 2.5 2 1 3 1 1
1046.7 9594.5 -9.4 117 0 13.9 5.4 7.5 2.5 4 0 3 2 2
911.9 9805.6 -7.5 207 0 5.4 13.9 7.5 2.5 2 1 3 5 5
1144.7 9682.7 -8.9 297 0 13.9 5.4 5.0 2.5 2 0 2 4 4
1157.3 9633.2 -8.2 28 0 13.3 4.9 7.5 2.5 2 0 3 0 0
515.5 9887.6 -8.6 27 0 5.4 13.9 7.5 2.5 2 1 3 3 3
906.9 9639.1 -10.8 207 0 5.4 13.9 7.5 2.5 2 1 3 0 0
1005.4 9711.7 -10.2 297 0 13.9 5.4 7.5 2.5 2 0 3 2 2
1158.1 9538.9 -8.8 27 0 5.4 13.9 7.5 2.5 2 1 3 4 4
853.4 9562.2 -10.7 117 0 13.9 5.4 5.0 2.5 2 0 2 0 0
1248.1 9666.8 -7.7 27 0 5.4 13.9 5.0 2.5 2 1 2 1 1
599.5 9902.0 -8.7 207 0 5.4 13.9 7.5 2.5 2 1 3 2 2
1046.4 9539.6 -8.6 117 0 13.9 5.4 7.5 2.5 2 0 3 3 3
1037.1 9686.3 -10.6 297 0 4.9 13.3 7.5 2.5 2 1 3 3 3
459.4 9925.7 -8.3 117 0 13.9 5.4 7.5 2.5 2 0 3 1 1
924.0 9560.9 -9.8 117 0 13.9 5.4 7.5 2.5 2 0 3 0 0
1025.3 9788.4 -8.9 297 0 13.9 5.4 7.5 2.5 2 0 3 1 1
901.6 9630.1 -10.8 207 0 5.4 13.9 5.0 2.5 2 1 2 4 4
558.5 10020.3 -6.4 297 0 13.9 5.4 5.0 2.5 2 0 2 3 3
971.1 9743.7 -9.3 297 0 13.9 5.4 7.5 2.5 4 0 3 3 3
1205.1 9624.6 -8.3 27 0 5.4 13.9 7.5 2.5 2 1 3 5 5
641.2 9941.2 -7.6 207 0 5.4 13.9 7.5 2.5 2 1 3 0 0
1035.6 9479.3 -9.4 117 0 13.9 5.4 5.0 2.5 2 0 2 3 3
1070.4 9677.1 -10.1 297 0 13.9 5.4 7.5 2.5 2 0 3 1 1
1112.9 9452.9 -9.6 27 0 5.4 13.9 7.5 0.0 0 1 3 1 1
921.9 9785.0 -8.2 207 0 13.3 4.9 5.0 0.0 0 0 2 1 1
484.8 10060.7 -6.3 207 0 5.4 13.9 5.0 0.0 0 1 2 2 2
949.1 9569.3 -9.8 117 0 13.9 5.4 2.5 2.5 2 0 1 3 3
877.8 9674.8 -10.0 118 0 4.9 13.3 7.5 2.5 2 1 3 5 5
893.6 9599.0 -10.5 117 0 13.9 5.4 5.0 2.5 2 0 2 5 5
565.6 9980.7 -6.7 27 0 5.4 13.9 7.5 2.5 2 1 3 3 3
931.7 9761.7 -8.9 207 0 5.4 13.9 2.5 2.5 2 1 1 1 1
970.2 9579.5 -9.9 117 0 4.9 13.3 5.0 2.5 4 1 2 4 4
1037.6 9522.3 -8.7 117 0 13.9 5.4 7.5 2.5 2 0 3 4 4
842.9 9614.6 -10.8 208 0 13.3 4.9 7.5 2.5 2 0 3 2 2
951.5 9612.3 -10.4 117 0 13.9 5.4 2.5 2.5 2 0 1 4 4
601.2 9850.6 -8.2 117 0 13.9 5.4 2.5 2.5 2 0 1 1 1
556.4 9925.0 -9.1 27 0 5.4 13.9 7.5 2.5 2 1 3 4 4
1151.2 9657.1 -8.5 297 0 13.9 5.4 5.0 2.5 2 0 2 5 5
1082.6 9499.1 -8.9 118 0 4.9 13.3 5.0 2.5 2 1 2 5 5
492.7 9921.3 -8.5 27 0 5.4 13.9 7.5 2.5 2 1 3 3 3
1055.9 9556.6 -8.7 117 0 13.9 5.4 7.5 2.5 2 0 3 2 2
1130.9 9487.3 -9.1 27 0 5.4 13.9 7.5 2.5 2 1 3 1 1
633.9 9966.2 -6.5 207 0 5.4 13.9 7.5 2.5 2 1 3 0 0
1001.5 9508.5 -9.2 117 0 13.9 5.4 7.5 2.5 2 0 3 1 1
557.6 9898.7 -8.8 207 0 5.4 13.9 7.5 2.5 2 1 3 3 3
1033.7 9568.9 -9.2 117 0 13.9 5.4 7.5 2.5 2 0 3 0 0
916.4 9813.1 -7.2 207 0 5.4 13.9 7.5 2.5 2 1 3 3 3
488.6 9888.3 -8.5 117 0 13.9 5.4 2.5 2.5 2 0 1 4 4
909.0 9681.1 -10.4 207 0 5.4 13.9 5.0 2.5 2 1 2 1 1
859.0 9573.2 -10.7 117 0 13.9 5.4 5.0 0.0 0 0 2 4 4
600.0 10007.1 -6.3 27 0 5.4 13.9 2.5 2.5 4 1 1 2 2
1234.6 9641.3 -8.3 27 0 5.4 13.9 7.5 2.5 2 1 3 4 4
591.4 9924.4 -8.7 207 0 5.4 13.9 5.0 2.5 4 1 2 3 3
1012.5 9568.9 -9.5 117 0 13.9 5.4 7.5 0.0 0 0 3 3 3
1071.9 9548.0 -8.6 117 0 13.9 5.4 5.0 2.5 2 0 2 3 3
1054.9 9739.9 -10.2 298 0 4.9 13.3 7.5 2.5 2 1 3 4 4
1002.3 9745.9 -9.1 297 0 13.9 5.4 7.5 2.5 2 0 3 0 0
897.5 9621.8 -10.7 207 0 5.4 13.9 5.0 2.5 2 1 2 5 5
994.1 9786.9 -8.1 297 0 13.9 5.4 7.5 2.5 2 0 3 0 0
620.4 9941.4 -8.0 207 0 5.4 13.9 7.5 2.5 2 1 3 2 2
1028.4 9505.2 -8.9 117 0 13.9 5.4 5.0 2.5 2 0 2 5 5
1104.7 9702.7 -9.7 297 0 13.9 5.4 5.0 2.5 2 0 2 3 3
1121.8 9470.2 -9.2 27 0 5.4 13.9 2.5 2.5 2 1 1 2 2
953.6 9818.6 -8.0 298 0 4.9 13.3 2.5 2.5 2 1 1 5 5
758.1 9916.4 -6.8 299 0 13.0 37.0 10.0 2.5 2 1 4 5 5
921.2 9594.9 -10.3 117 0 13.9 5.4 7.5 2.5 4 0 3 2 2
544.9 9981.1 -6.8 27 0 5.4 13.9 7.5 2.5 2 1 3 3 3
953.3 9786.9 -7.9 297 0 13.9 5.4 5.0 2.5 4 0 2 4 4
988.7 9613.8 -10.2 118 0 4.9 13.3 7.5 2.5 2 1 3 1 1
1090.0 9529.9 -8.7 27 0 5.4 13.9 7.5 0.0 0 1 3 3 3
1074.6 9685.4 -10.1 297 0 13.9 5.4 7.5 2.5 2 0 3 1 1
1174.0 9530.2 -8.9 27 0 5.4 13.9 7.5 2.5 2 1 3 1 1
948.0 9660.2 -10.8 207 0 5.4 13.9 7.5 2.5 2 1 3 4 4
575.5 9855.6 -8.2 207 0 5.4 13.9 2.5 2.5 4 1 1 5 5
983.4 9551.8 -9.4 117 0 13.9 5.4 5.0 2.5 2 0 2 3 3
907.1 9796.6 -7.8 207 0 5.4 13.9 5.0 2.5 2 1 2 3 3
1114.6 9533.3 -8.8 27 0 13.3 4.9 7.5 0.0 0 0 3 3 3
991.6 9685.6 -10.8 297 0 13.9 5.4 7.5 2.5 2 0 3 5 5
622.6 9984.4 -6.4 207 0 5.4 13.9 7.5 2.5 2 1 3 1 1
1006.2 9517.5 -8.9 117 0 13.9 5.4 7.5 2.5 2 0 3 5 5
615.9 9893.8 -8.4 207 0 5.4 13.9 7.5 2.5 4 1 3 4 4
1055.4 9611.1 -9.4 117 0 13.9 5.4 7.5 2.5 2 0 3 0 0
909.0 9839.7 -7.8 207 0 5.4 13.9 5.0 2.5 2 1 2 3 3
1153.6 9700.0 -8.9 297 0 13.9 5.4 5.0 2.5 4 0 2 5 5
1025.5 9711.4 -10.5 297 0 13.9 5.4 7.5 2.5 2 0 3 0 0
1207.1 9589.9 -8.6 27 0 5.4 13.9 2.5 2.5 2 1 1 1 1
879.1 9572.8 -10.4 117 0 13.9 5.4 5.0 2.5 2 0 2 1 1
583.3 10029.6 -6.3 297 0 13.9 5.4 7.5 2.5 2 0 3 2 2
580.1 9941.4 -8.6 207 0 5.4 13.9 2.5 2.5 2 1 1 5 5
987.5 9560.2 -9.5 117 0 13.9 5.4 7.5 2.5 2 0 3 4 4
943.1 9528.2 -10.0 118 0 4.9 13.3 2.5 2.5 2 1 1 2 2
1046.6 9702.6 -10.6 298 0 4.9 13.3 7.5 2.5 2 1 3 5 5
463.8 9948.7 -8.4 207 0 5.4 13.9 7.5 2.5 2 1 3 0 0
930.1 9612.2 -10.5 117 0 13.9 5.4 7.5 2.5 4 0 3 5 5
1018.4 9737.3 -9.5 297 0 13.9 5.4 7.5 2.5 2 0 3 5 5
581.9 9972.5 -6.7 27 0 5.4 13.9 7.5 2.5 4 1 3 5 5
987.0 9812.2 -8.6 297 0 13.9 5.4 5.0 2.5 4 0 2 1 1
1214.5 9641.6 -8.3 27 0 5.4 13.9 7.5 2.5 2 1 3 3 3
609.4 9958.1 -7.2 207 0 5.4 13.9 5.0 2.5 2 1 2 3 3
1090.5 9676.7 -9.7 297 0 13.9 5.4 7.5 2.5 2 0 3 4 4
833.5 9592.5 -10.7 118 0 4.9 13.3 2.5 2.5 2 1 1 0 0
520.5 10044.0 -6.7 299 0 13.9 30.7 10.0 2.5 2 1 4 2 2
959.4 9643.4 -10.7 207 0 5.4 13.9 7.5 2.5 2 1 3 0 0
535.0 9855.9 -8.2 207 0 5.4 13.9 7.5 2.5 2 1 3 0 0
524.0 9981.1 -7.1 27 0 5.4 13.9 7.5 2.5 2 1 3 4 4
1151.5 9642.6 -8.4 27 0 5.4 13.9 5.0 2.5 2 1 2 2 2
1112.9 9572.5 -8.5 27 0 5.4 13.9 5.0 2.5 4 1 2 3 3
1097.6 9728.6 -10.0 297 0 13.9 5.4 5.0 0.0 0 0 2 3 3
1150.7 9564.0 -8.6 27 0 5.4 13.9 2.5 2.5 2 1 1 1 1
989.2 9645.8 -10.6 117 0 13.9 5.4 7.5 2.5 2 0 3 2 2
564.4 9873.0 -8.4 207 0 5.4 13.9 7.5 2.5 2 1 3 1 1
1064.3 9465.3 -9.5 118 0 4.9 13.3 7.5 2.5 2 1 3 4 4
520.2 9896.3 -8.7 27 0 5.4 13.9 5.0 2.5 2 1 2 0 0
895.1 9656.0 -10.6 207 0 5.4 13.9 7.5 2.5 2 1 3 3 3
1016.3 9694.3 -10.9 297 0 13.9 5.4 7.5 2.5 2 0 3 0 0
1139.8 9504.6 -9.0 27 0 5.4 13.9 7.5 2.5 2 1 3 0 0
842.9 9581.7 -10.7 117 0 13.9 5.4 7.5 2.5 2 0 3 5 5
612.2 10000.6 -6.3 207 0 5.4 13.9 7.5 2.5 2 1 3 5 5
1230.5 9632.9 -8.4 27 0 5.4 13.9 7.5 2.5 2 1 3 5 5
593.4 9890.2 -8.7 207 0 5.4 13.9 5.0 2.5 2 1 2 5 5
1014.6 9611.7 -10.1 117 0 13.9 5.4 5.0 2.5 2 0 2 3 3
903.6 9864.8 -8.6 207 0 5.4 13.9 7.5 2.5 2 1 3 3 3
441.9 9892.3 -8.0 117 0 13.9 5.4 5.0 2.5 2 0 2 2 2
944.1 9560.5 -9.7 117 0 13.9 5.4 7.5 2.5 2 0 3 5 5
1048.5 9754.6 -9.5 297 0 13.9 5.4 2.5 2.5 2 0 1 3 3
1212.2 9598.7 -8.5 27 0 5.4 13.9 2.5 2.5 2 1 1 1 1
850.9 9612.9 -10.7 207 0 5.4 13.9 2.5 2.5 2 1 1 3 3
1023.7 9746.0 -9.3 297 0 13.9 5.4 5.0 2.5 2 0 2 0 0
636.7 9933.2 -7.9 207 0 5.4 13.9 5.0 2.5 2 1 2 0 0
1021.9 9585.9 -9.6 117 0 13.9 5.4 5.0 2.5 2 0 2 2 2
1081.3 9659.6 -9.7 297 0 13.9 5.4 7.5 2.5 2 0 3 0 0
1088.2 9564.6 -8.5 27 0 5.4 13.9 7.5 2.5 2 1 3 5 5
1064.0 9756.0 -9.8 298 0 4.9 13.3 2.5 2.5 2 1 1 1 1
464.5 10061.1 -6.4 207 0 5.4 13.9 2.5 0.0 0 1 1 2 2
849.8 9805.7 -7.8 28 0 78.0 37.9 12.5 0.0 0 0 5 5 5
-420.6 9798.3 -8.5 117 0 9.1 23.4 5.0 2.5 2 1 2 5 5
-403.5 9962.5 -8.5 207 0 23.4 9.1 5.0 2.5 2 0 2 3 3
-318.3 9903.3 -8.1 117 0 9.1 23.4 2.5 2.5 2 1 1 3 3
-310.3 9980.3 -8.6 297 0 9.1 23.4 7.5 0.0 0 1 3 3 3
-419.6 9921.4 -8.3 117 0 9.1 23.4 5.0 2.5 2 1 2 0 0
-271.3 9961.1 -8.4 297 0 9.1 23.4 7.5 2.5 2 1 3 0 0
-396.0 10026.2 -8.5 297 0 9.1 23.3 7.5 2.5 2 1 3 4 4
-320.5 10021.0 -8.9 297 0 9.1 23.4 5.0 2.5 2 1 2 5 5
-369.5 9998.4 -8.8 207 0 23.4 9.1 5.0 2.5 2 0 2 1 1
-493.6 9849.8 -8.7 207 0 23.4 9.1 7.5 2.5 2 0 3 5 5
-287.3 9727.4 -8.4 117 0 9.1 23.4 5.0 2.5 2 1 2 3 3
-257.8 9811.8 -8.6 297 0 9.1 23.4 5.0 2.5 2 1 2 1 1
-245.9 9805.0 -8.5 297 0 9.1 23.4 2.5 0.0 0 1 1 3 3
-370.1 9895.6 -8.0 117 0 9.1 23.4 2.5 2.5 2 1 1 2 2
-433.1 9804.7 -8.5 117 0 9.1 23.3 5.0 2.5 2 1 2 1 1
-391.3 9956.0 -8.4 207 0 23.4 9.1 5.0 2.5 2 0 2 1 1
-71.9 9836.7 -9.2 297 0 25.2 9.2 7.5 2.5 4 0 3 0 0
-355.4 9922.9 -8.3 117 0 9.1 23.4 5.0 2.5 2 1 2 4 4
-173.1 9839.2 -9.1 27 0 23.4 9.1 7.5 2.5 2 0 3 0 0
-259.1 9954.5 -8.4 297 0 9.1 23.4 2.5 2.5 2 1 1 1 1
-390.6 10045.2 -8.5 207 0 23.4 9.1 5.0 2.5 2 0 2 2 2
-258.9 9836.6 -9.0 117 0 9.1 23.4 7.5 2.5 2 1 3 0 0
-357.6 10040.6 -8.9 297 0 9.1 23.4 2.5 0.0 0 1 1 4 4
-133.6 9817.5 -9.1 207 0 9.2 25.2 5.0 0.0 0 1 2 5 5
-219.4 9851.6 -9.1 117 0 9.1 23.4 5.0 2.5 2 1 2 3 3
-380.1 9877.0 -7.5 297 0 9.1 23.4 2.5 2.5 2 1 1 1 1
-221.0 9816.3 -8.9 117 0 9.1 23.4 7.5 2.5 2 1 3 0 0
-299.1 9734.1 -8.7 117 0 9.1 23.4 2.5 2.5 2 1 1 5 5
-237.0 9701.5 -8.4 117 0 9.1 23.4 5.0 2.5 2 1 2 0 0
-43.2 9821.5 -9.3 297 0 25.2 9.2 5.0 2.5 2 0 2 5 5
-270.0 9818.1 -8.7 297 0 9.1 23.4 7.5 2.5 2 1 3 2 2
-81.2 9749.9 -9.4 117 0 25.2 9.2 2.5 2.5 2 0 1 1 1
-478.8 9879.1 -8.4 207 0 23.4 9.1 5.0 2.5 2 0 2 3 3
-208.2 9785.6 -8.4 297 0 9.1 23.4 5.0 2.5 2 1 2 2 2
-407.2 9915.1 -8.2 117 0 9.1 23.4 7.5 2.5 2 1 3 1 1
-343.3 9916.3 -8.2 117 0 9.1 23.3 5.0 2.5 2 1 2 1 1
-442.0 9946.9 -8.4 207 0 23.4 9.1 7.5 2.5 2 0 3 5 5
-148.5 9789.8 -9.0 209 0 13.1 25.6 10.0 2.5 2 1 4 0 0
-345.4 10034.0 -9.0 297 0 9.1 23.4 7.5 2.5 2 1 3 5 5
-141.4 9803.3 -9.0 207 0 9.2 25.2 7.5 2.5 4 1 3 4 4
-234.0 9823.6 -9.0 117 0 9.1 23.4 5.0 2.5 2 1 2 1 1
-224.7 9744.7 -8.4 27 0 23.4 9.1 7.5 2.5 2 0 3 3 3
-246.1 9830.2 -9.0 117 0 9.1 23.4 7.5 2.5 2 1 3 5 5
-470.9 9824.2 -8.6 117 0 9.1 23.4 7.5 2.5 2 1 3 0 0
-261.6 9714.5 -8.2 117 0 9.1 23.4 5.0 2.5 2 1 2 5 5
-105.0 9801.4 -9.3 207 0 9.2 25.2 5.0 2.5 4 1 2 4 4
-249.5 9707.9 -8.3 117 0 9.1 23.4 7.5 0.0 0 1 3 5 5
-198.6 9921.1 -8.6 297 0 9.1 23.4 5.0 2.5 2 1 2 5 5
-75.0 9762.2 -9.4 117 0 25.2 9.2 5.0 2.5 2 0 2 5 5
-415.0 9969.0 -8.5 207 0 23.3 9.1 2.5 2.5 2 0 1 5 5
-220.2 9792.2 -8.3 297 0 9.1 23.4 7.5 2.5 2 1 3 0 0
-280.4 9884.0 -8.0 117 0 9.1 23.4 7.5 2.5 2 1 3 3 3
-395.0 9908.6 -8.1 117 0 9.1 23.4 2.5 2.5 4 1 1 5 5
-417.8 9896.3 -7.8 297 0 9.1 23.4 5.0 2.5 4 1 2 2 2
-194.3 9837.7 -9.0 117 0 9.1 23.4 5.0 2.5 2 1 2 3 3
-170.6 9942.1 -8.4 297 0 9.1 23.4 5.0 0.0 0 1 2 0 0
-208.9 9809.8 -8.8 117 0 9.1 23.4 7.5 2.5 2 1 3 4 4
-427.2 9975.5 -8.5 207 0 23.4 9.1 7.5 2.5 2 0 3 0 0
-244.3 9864.6 -9.0 117 0 9.1 23.4 7.5 2.5 2 1 3 0 0
-120.1 9842.2 -9.1 207 0 9.2 25.2 2.5 2.5 2 1 1 3 3
-482.7 9831.0 -8.6 117 0 9.1 23.4 2.5 2.5 2 1 1 1 1
-274.7 9720.8 -8.1 117 0 9.1 23.4 5.0 2.5 4 1 2 1 1
-103.7 9777.4 -9.3 117 0 25.2 9.2 5.0 0.0 0 0 2 2 2
-297.5 9973.8 -8.5 297 0 9.1 23.4 7.5 2.5 2 1 3 1 1
-430.9 9928.1 -8.3 117 0 9.1 23.4 7.5 2.5 2 1 3 1 1
-268.2 9877.4 -8.5 117 0 9.1 23.4 2.5 2.5 4 1 1 0 0
-442.2 9909.6 -8.1 297 0 9.1 23.4 7.5 0.0 0 1 3 0 0
-347.4 10000.2 -8.7 297 0 9.1 23.4 7.5 2.5 2 1 3 3 3
-430.3 9902.9 -8.0 297 0 9.1 23.4 5.0 2.5 2 1 2 0 0
-271.1 9843.2 -9.0 117 0 9.1 23.4 2.5 2.5 2 1 1 0 0
-127.3 9829.8 -9.1 207 0 9.2 25.2 5.0 2.5 2 1 2 2 2
-231.6 9858.1 -9.0 117 0 9.1 23.4 5.0 2.5 2 1 2 1 1
-206.5 9844.3 -9.0 117 0 9.1 23.4 7.5 2.5 2 1 3 5 5
-445.2 9811.3 -8.6 117 0 9.1 23.4 7.5 0.0 0 1 3 5 5
-379.9 9937.1 -8.4 117 0 9.1 23.4 5.0 2.5 2 1 2 0 0
-91.5 9826.2 -9.2 207 0 9.2 25.2 2.5 2.5 2 1 1 1 1
-285.4 9967.3 -8.5 297 0 9.1 23.4 5.0 2.5 2 1 2 0 0
-149.6 9883.0 -8.9 27 0 23.4 9.1 7.5 0.0 0 0 3 5 5
-246.4 9948.1 -8.3 297 0 9.1 23.4 2.5 2.5 4 1 1 1 1
-369.1 10047.0 -8.7 297 0 9.1 23.4 7.5 2.5 2 1 3 5 5
-195.7 9779.2 -8.5 297 0 9.1 23.3 2.5 0.0 0 1 1 1 1
-305.3 9897.0 -8.0 117 0 9.1 23.4 2.5 0.0 0 1 1 0 0
-463.7 9907.6 -8.3 207 0 23.4 9.1 5.0 2.5 2 0 2 3 3
-335.2 9993.7 -8.7 297 0 9.1 23.4 2.5 2.5 2 1 1 4 4
-392.6 9883.4 -7.6 297 0 9.1 23.4 5.0 2.5 2 1 2 0 0
-212.8 9737.8 -8.5 27 0 23.4 9.1 5.0 2.5 2 0 2 2 2
-182.8 9949.2 -8.3 297 0 9.1 23.4 5.0 2.5 2 1 2 2 2
-49.5 9809.3 -9.3 297 0 25.2 9.2 2.5 2.5 2 0 1 4 4
-173.5 9907.1 -8.8 297 0 9.1 23.4 5.0 2.5 4 1 2 5 5
-161.3 9900.6 -8.8 297 0 9.1 23.4 2.5 2.5 4 1 1 1 1
-458.3 9817.6 -8.6 117 0 9.1 23.4 7.5 0.0 0 1 3 4 4
-367.7 9930.5 -8.3 117 0 9.1 23.3 2.5 0.0 0 1 1 1 1
-98.7 9813.7 -9.2 207 0 9.2 25.2 5.0 2.5 2 1 2 4 4
-330.5 9909.9 -8.2 117 0 9.1 23.4 5.0 2.5 2 1 2 3 3
-186.9 9914.2 -8.7 297 0 9.1 23.4 2.5 2.5 2 1 1 3 3
-67.2 9776.3 -9.3 117 0 25.2 9.2 5.0 2.5 2 0 2 0 0
-60.9 9788.6 -9.3 117 0 25.2 9.2 5.0 2.5 2 0 2 1 1
-322.5 9986.9 -8.6 297 0 9.1 23.4 5.0 2.5 2 1 2 1 1
-234.2 9941.5 -8.3 297 0 9.1 23.4 2.5 2.5 2 1 1 0 0
-393.2 10011.3 -8.7 207 0 23.4 9.1 2.5 2.5 2 0 1 2 2
-332.7 10027.6 -8.9 297 0 9.1 23.4 7.5 0.0 0 1 3 2 2
-293.2 9890.4 -7.9 117 0 9.1 23.4 5.0 2.5 2 1 2 1 1
-381.7 10004.9 -8.8 207 0 23.3 9.1 7.5 2.5 4 0 3 0 0
-404.6 9890.0 -7.7 297 0 9.1 23.4 5.0 2.5 2 1 2 3 3
-256.5 9871.1 -8.9 117 0 9.1 23.4 7.5 2.5 2 1 3 5 5
-233.4 9798.5 -8.4 297 0 9.1 23.4 2.5 2.5 2 1 1 2 2
-113.9 9854.5 -9.1 207 0 9.2 25.2 5.0 2.5 2 1 2 0 0
-382.3 9902.1 -8.1 117 0 9.1 23.4 5.0 0.0 0 1 2 3 3
26.4 9680.8 -9.7 117 0 25.8 10.3 10.0 2.5 2 0 4 1 1
451.5 9600.5 -9.2 28 0 22.9 5.9 5.0 2.5 2 0 2 3 3
-168.3 9291.6 -8.8 119 0 47.1 9.6 7.5 2.5 2 0 3 1 1
351.3 9622.9 -10.0 28 0 22.9 5.9 7.5 2.5 2 0 3 0 0
419.0 9405.6 -9.5 118 0 5.9 22.9 7.5 2.5 2 1 3 5 5
130.1 9709.3 -9.3 27 0 10.2 25.8 10.0 0.0 0 1 4 2 2
342.6 9627.7 -9.9 28 0 22.9 5.9 7.5 2.5 2 0 3 5 5
404.1 9469.3 -10.9 70 0 19.4 23.9 12.5 2.5 4 1 5 4 4
372.3 9612.7 -10.2 208 0 22.9 5.9 5.0 2.5 2 0 2 2 2
90.7 9663.5 -9.8 117 0 25.8 10.2 7.5 2.5 2 0 3 0 0
-95.4 9508.3 -8.5 117 0 25.8 10.2 7.5 2.5 2 0 3 0 0
-37.1 9546.8 -8.6 297 0 25.8 10.2 12.5 2.5 2 0 5 1 1
12.7 9474.1 -8.8 27 0 10.2 25.8 7.5 2.5 2 1 3 3 3
471.6 9665.2 -8.3 298 0 5.9 22.9 7.5 2.5 2 1 3 2 2
-177.7 9645.3 -9.0 297 0 25.8 10.3 7.5 2.5 2 0 3 4 4
456.5 9460.7 -10.2 208 0 22.9 5.9 2.5 2.5 2 0 1 3 3
377.3 9671.3 -9.2 28 0 22.9 5.9 2.5 2.5 2 0 1 0 0
523.5 9424.5 -10.0 28 0 22.9 5.9 7.5 2.5 2 0 3 5 5
32.9 9622.2 -9.2 297 0 25.8 10.3 7.5 0.0 0 0 3 4 4
514.4 9429.4 -10.0 28 0 22.9 5.9 2.5 0.0 0 0 1 4 4
-206.1 9619.6 -8.8 207 0 10.3 25.8 10.0 0.0 0 1 4 1 1
415.7 9651.8 -8.9 208 0 22.9 5.9 5.0 2.5 2 0 2 2 2
290.6 9642.9 -10.1 118 0 5.9 22.9 5.0 2.5 2 1 2 0 0
449.0 9558.9 -10.0 118 0 5.9 22.9 7.5 2.5 2 1 3 4 4
-96.1 9658.0 -9.6 117 0 25.8 10.2 10.0 2.5 4 0 4 2 2
-141.3 9339.4 -8.9 299 0 47.1 9.6 7.5 2.5 2 0 3 5 5
421.7 9572.1 -9.8 118 0 5.9 22.9 7.5 0.0 0 1 3 5 5
-56.4 9664.4 -9.7 297 0 25.8 10.2 5.0 2.5 2 0 2 3 3
136.9 9722.6 -9.0 27 0 10.2 25.8 7.5 2.5 2 1 3 5 5
492.1 9548.0 -10.4 208 0 22.9 5.9 2.5 2.5 2 0 1 5 5
32.5 9693.6 -9.7 117 0 25.8 10.2 10.0 2.5 2 0 4 1 1
510.5 9400.6 -9.8 28 0 22.9 5.9 7.5 2.5 4 0 3 2 2
-147.5 9551.2 -8.7 117 0 25.8 10.3 7.5 2.5 2 0 3 1 1
501.4 9405.5 -9.7 28 0 22.9 5.9 7.5 2.5 2 0 3 5 5
-59.3 9505.6 -8.3 117 0 25.8 10.2 7.5 2.5 2 0 3 5 5
-65.5 9492.8 -8.2 117 0 25.8 10.2 7.5 2.5 2 0 3 2 2
464.5 9624.4 -8.6 28 0 22.9 5.9 7.5 0.0 0 0 3 5 5
-149.2 9629.8 -9.2 297 0 25.8 10.2 10.0 2.5 2 0 4 3 3
-72.2 9593.4 -9.6 297 0 25.8 10.2 10.0 2.5 2 0 4 0 0
402.2 9702.4 -8.8 298 0 5.9 22.9 7.5 2.5 2 1 3 2 2
469.5 9485.2 -10.6 208 0 22.9 5.9 7.5 2.5 2 0 3 0 0
386.4 9666.4 -9.1 28 0 22.9 5.9 2.5 2.5 2 0 1 4 4
460.8 9490.1 -10.7 208 0 22.9 5.9 5.0 2.5 2 0 2 4 4
39.6 9635.4 -9.4 297 0 25.8 10.2 12.5 2.5 2 0 5 3 3
484.2 9415.0 -9.6 28 0 22.9 5.9 5.0 0.0 0 0 2 3 3
-174.6 9580.9 -8.8 117 0 25.8 10.2 7.5 2.5 4 0 3 4 4
-163.7 9602.8 -9.0 297 0 25.8 10.2 12.5 2.5 2 0 5 5 5
380.9 9608.2 -10.1 208 0 22.9 5.9 2.5 2.5 2 0 1 5 5
-142.7 9568.6 -8.9 117 0 25.8 10.2 10.0 2.5 2 0 4 1 1
432.8 9655.6 -8.8 298 0 5.9 22.9 7.5 2.5 2 1 3 4 4
593.4 9555.1 -8.6 28 0 22.9 5.9 7.5 2.5 2 0 3 4 4
518.7 9458.8 -10.1 28 0 22.9 5.9 7.5 2.5 2 0 3 5 5
-153.2 9318.0 -8.9 119 0 47.1 9.6 7.5 2.5 2 0 3 0 0
17.5 9662.4 -9.8 297 0 25.8 10.3 7.5 2.5 2 0 3 1 1
436.8 9395.9 -9.3 118 0 5.9 22.9 7.5 2.5 2 1 3 0 0
124.0 9696.5 -9.5 27 0 10.3 25.8 10.0 2.5 2 1 4 4 4
505.2 9572.5 -9.6 208 0 22.9 5.9 5.0 0.0 0 0 2 0 0
56.0 9666.1 -9.7 117 0 25.8 10.3 10.0 2.5 2 0 4 2 2
-117.8 9536.5 -8.8 117 0 25.8 10.2 7.5 2.5 2 0 3 1 1
-87.5 9271.1 -7.9 29 0 9.6 47.1 7.5 2.5 2 1 3 5 5
-124.0 9523.7 -8.5 117 0 25.8 10.3 7.5 2.5 2 0 3 3 3
-20.8 9661.6 -9.7 297 0 25.8 10.2 10.0 2.5 2 0 4 1 1
575.5 9564.8 -8.6 28 0 22.9 5.9 7.5 2.5 2 0 3 4 4
62.9 9749.9 -9.5 297 0 25.8 10.2 12.5 0.0 0 0 5 0 0
-35.8 9478.1 -8.0 117 0 25.8 10.2 10.0 2.5 2 0 4 0 0
473.6 9619.5 -8.6 28 0 22.9 5.9 7.5 0.0 0 0 3 1 1
-221.2 9661.3 -8.7 207 0 10.2 25.8 7.5 2.5 2 1 3 2 2
393.1 9707.3 -8.9 298 0 5.9 22.9 5.0 2.5 2 1 2 3 3
-227.3 9648.5 -8.6 207 0 10.2 25.8 7.5 2.5 2 1 3 2 2
547.9 9624.8 -8.5 298 0 5.9 22.9 7.5 2.5 2 1 3 1 1
22.0 9600.3 -8.9 117 0 25.8 10.2 7.5 0.0 0 0 3 1 1
346.7 9657.0 -9.5 28 0 22.9 5.9 2.5 2.5 2 0 1 3 3
534.9 9600.3 -8.6 298 0 5.9 22.9 5.0 2.5 2 1 2 1 1
-80.2 9284.6 -7.9 29 0 9.6 47.1 7.5 0.0 0 1 3 5 5
-235.7 9634.3 -8.5 207 0 10.2 25.8 10.0 2.5 2 1 4 0 0
99.2 9748.5 -9.4 297 0 25.8 10.3 7.5 2.5 2 0 3 1 1
394.0 9632.7 -9.5 208 0 22.9 5.9 7.5 2.5 2 0 3 5 5
275.6 9664.1 -10.1 208 0 22.9 5.9 5.0 0.0 0 0 2 4 4
52.0 9728.0 -9.6 117 0 25.8 10.2 10.0 2.5 2 0 4 3 3
531.5 9483.4 -10.3 28 0 22.9 5.9 5.0 2.5 2 0 2 5 5
-160.5 9304.5 -8.9 119 0 47.1 9.6 7.5 2.5 2 0 3 2 2
3.8 9636.8 -9.7 297 0 25.8 10.3 10.0 2.5 4 0 4 1 1
-67.3 9642.5 -9.7 117 0 25.8 10.2 15.0 0.0 0 0 6 2 2
478.6 9480.3 -10.4 208 0 22.9 5.9 7.5 2.5 4 0 3 2 2
510.0 9538.3 -10.6 208 0 22.9 5.9 7.5 2.5 4 0 3 5 5
-89.2 9521.1 -8.8 117 0 25.8 10.2 7.5 2.5 2 0 3 0 0
310.3 9707.7 -9.9 208 0 22.9 5.9 2.5 2.5 2 0 1 4 4
68.2 9620.2 -8.7 297 0 25.8 10.2 7.5 2.5 2 0 3 3 3
-66.2 9310.8 -8.5 29 0 9.6 47.1 7.5 2.5 2 1 3 5 5
-66.7 9562.9 -9.1 297 0 25.8 10.2 10.0 2.5 2 0 4 2 2
-183.9 9632.4 -8.9 297 0 25.8 10.2 7.5 2.5 2 0 3 0 0
64.4 9583.7 -8.2 27 0 10.2 25.8 7.5 2.5 2 1 3 1 1
368.6 9676.1 -9.1 28 0 22.9 5.9 7.5 2.5 2 0 3 5 5
434.8 9441.6 -9.9 208 0 22.9 5.9 5.0 2.5 2 0 2 2 2
375.5 9716.9 -9.3 298 0 5.9 22.9 7.5 2.5 2 1 3 2 2
359.7 9680.8 -9.2 28 0 22.9 5.9 7.5 2.5 2 0 3 1 1
-212.2 9606.8 -8.7 207 0 10.2 25.8 10.0 0.0 0 1 4 1 1
385.3 9637.3 -9.6 208 0 22.9 5.9 5.0 2.5 2 0 2 4 4
84.6 9650.7 -9.5 117 0 25.8 10.2 7.5 2.5 2 0 3 0 0
-27.6 9648.3 -9.8 297 0 25.8 10.2 7.5 2.5 2 0 3 5 5
75.2 9632.6 -9.0 297 0 25.8 10.2 12.5 2.5 2 0 5 1 1
70.6 9596.5 -8.5 27 0 10.3 25.8 7.5 2.5 2 1 3 5 5
-7.2 9462.7 -9.0 117 0 25.8 10.3 7.5 2.5 4 0 3 5 5
-78.5 9693.1 -9.6 297 0 25.8 10.2 10.0 2.5 2 0 4 5 5
10.5 9650.0 -9.7 297 0 25.8 10.2 10.0 0.0 0 0 4 1 1
465.6 9455.8 -10.0 208 0 22.9 5.9 7.5 2.5 2 0 3 4 4
395.0 9441.1 -10.7 28 0 31.9 42.1 5.0 0.0 0 1 2 3 3
402.7 9627.9 -9.5 208 0 22.9 5.9 7.5 2.5 4 0 3 4 4
92.5 9735.3 -9.5 297 0 25.8 10.2 10.0 2.5 2 0 4 2 2
-153.6 9538.4 -8.4 117 0 25.8 10.2 10.0 2.5 4 0 4 1 1
306.5 9678.9 -9.7 208 0 22.9 5.9 5.0 2.5 2 0 2 3 3
549.5 9516.4 -10.5 28 0 22.9 5.9 7.5 0.0 0 0 3 5 5
-96.7 9577.8 -9.3 297 0 25.8 10.2 7.5 2.5 2 0 3 0 0
458.5 9640.7 -8.7 298 0 5.9 22.9 7.5 2.5 4 1 3 0 0
-102.2 9608.3 -9.7 297 0 25.8 10.2 12.5 2.5 2 0 5 3 3
-134.6 9352.6 -8.8 299 0 47.1 9.6 7.5 2.5 2 0 3 0 0
430.5 9567.2 -9.8 118 0 5.9 22.9 7.5 2.5 2 1 3 1 1
447.8 9465.5 -10.3 208 0 22.9 5.9 5.0 2.5 2 0 2 0 0
500.8 9543.2 -10.5 208 0 22.9 5.9 5.0 2.5 2 0 2 5 5
312.8 9467.2 -11.1 118 0 43.2 31.3 12.5 0.0 0 0 5 1 1
-118.3 9265.2 -7.9 119 0 47.1 9.6 7.5 2.5 4 0 3 1 1
398.3 9661.1 -9.0 208 0 22.9 5.9 7.5 2.5 2 0 3 1 1
29.8 9504.7 -8.5 27 0 10.3 25.8 7.5 2.5 2 1 3 0 0
-72.9 9297.5 -8.2 29 0 9.6 47.1 7.5 2.5 2 1 3 1 1
606.4 9579.6 -9.0 28 0 22.9 5.9 7.5 2.5 2 0 3 4 4
480.4 9372.3 -9.5 118 0 5.9 22.9 7.5 2.5 2 1 3 4 4
505.7 9434.2 -9.9 28 0 22.9 5.9 2.5 2.5 2 0 1 1 1
-155.3 9617.0 -9.2 297 0 25.8 10.2 10.0 0.0 0 0 4 1 1
-7.1 9614.9 -9.6 117 0 25.8 10.2 7.5 2.5 2 0 3 4 4
482.3 9509.9 -10.9 208 0 22.9 5.9 5.0 2.5 4 0 2 0 0
544.0 9595.4 -8.6 298 0 5.9 22.9 7.5 2.5 2 1 3 3 3
429.6 9507.5 -11.2 28 0 36.8 98.6 15.0 0.0 0 1 6 5 5
386.9 9591.9 -10.1 118 0 5.9 22.9 5.0 0.0 0 1 2 3 3
288.6 9688.7 -9.8 208 0 22.9 5.9 7.5 2.5 2 0 3 2 2
-131.8 9590.5 -9.2 297 0 25.8 10.2 10.0 2.5 2 0 4 1 1
30.1 9529.9 -8.4 297 0 25.8 10.3 7.5 2.5 2 0 3 5 5
562.6 9540.9 -9.9 28 0 22.9 5.9 7.5 0.0 0 0 3 1 1
-85.2 9679.9 -9.6 297 0 25.8 10.2 7.5 2.5 2 0 3 1 1
-126.4 9366.0 -8.6 299 0 47.1 9.6 7.5 2.5 4 0 3 3 3
439.6 9562.4 -9.9 118 0 5.9 22.9 5.0 2.5 2 1 2 1 1
364.3 9647.4 -9.6 28 0 22.9 5.9 5.0 2.5 4 0 2 4 4
325.7 9623.7 -9.9 118 0 5.9 22.9 5.0 0.0 0 1 2 1 1
-241.9 9621.5 -8.4 207 0 10.2 25.8 5.0 2.5 2 1 2 2 2
62.2 9678.9 -9.8 117 0 25.8 10.2 10.0 2.5 2 0 4 2 2
-38.4 9626.5 -9.7 117 0 25.8 10.2 10.0 2.5 2 0 4 4 4
69.6 9763.2 -9.5 297 0 25.8 10.3 10.0 2.5 2 0 4 3 3
-7.1 9531.9 -8.0 297 0 25.8 10.2 10.0 2.5 2 0 4 5 5
584.3 9560.0 -8.6 28 0 22.9 5.9 2.5 2.5 2 0 1 1 1
-29.6 9490.9 -7.9 117 0 25.8 10.2 7.5 2.5 2 0 3 2 2
-76.3 9339.7 -8.9 299 0 47.1 9.6 7.5 2.5 2 0 3 3 3
384.4 9712.1 -9.1 298 0 5.9 22.9 5.0 2.5 2 1 2 0 0
-49.7 9677.6 -9.6 297 0 25.8 10.2 5.0 2.5 2 0 2 2 2
491.4 9505.0 -10.9 208 0 22.9 5.9 7.5 2.5 4 0 3 3 3
321.0 9521.5 -11.5 208 0 30.1 30.7 10.0 0.0 0 1 4 3 3
427.7 9400.8 -9.4 118 0 5.9 22.9 7.5 2.5 4 1 3 1 1
523.0 9562.8 -9.7 208 0 22.9 5.9 2.5 2.5 2 0 1 3 3
46.6 9647.8 -9.7 297 0 25.8 10.3 10.0 2.5 2 0 4 3 3
536.6 9449.0 -10.2 28 0 22.9 5.9 7.5 2.5 2 0 3 3 3
396.0 9587.0 -10.0 118 0 5.9 22.9 7.5 2.5 2 1 3 4 4
81.6 9713.4 -9.6 117 0 25.8 10.2 7.5 2.5 2 0 3 4 4
301.6 9712.5 -9.8 208 0 22.9 5.9 7.5 0.0 0 0 3 5 5
436.7 9685.0 -8.5 298 0 5.9 22.9 7.5 2.5 2 1 3 3 3
0.2 9544.9 -8.1 297 0 25.8 10.3 7.5 2.5 2 0 3 1 1
-1783.4 12150.6 -14.4 268 0 28.3 14.9 10.0 2.5 2 0 4 3 3
-1795.1 11923.5 -15.2 271 0 7.7 10.2 2.5 2.5 2 1 1 0 0
-1787.2 11930.5 -14.3 181 0 11.0 21.7 2.5 2.5 4 1 1 3 3
-1762.5 11750.3 -14.2 91 0 14.9 26.6 10.0 0.0 0 1 4 3 3
-1678.3 11939.2 -14.1 89 0 6.0 11.6 7.5 2.5 2 1 3 0 0
-1792.6 11978.8 -15.0 181 0 13.1 10.9 5.0 2.5 2 0 2 2 2
-1154.0 8354.6 -5.4 71 0 18.3 22.9 10.0 2.5 2 1 4 4 4
-1109.8 8184.8 -6.1 76 0 20.4 23.0 7.5 2.5 2 1 3 4 4
1068.4 7018.8 -5.9 341 0 79.2 65.2 12.5 0.0 0 0 5 1 1
977.6 7060.5 -6.7 156 0 27.7 34.0 7.5 0.0 0 1 3 4 4
3842.3 3121.3 -1.9 330 0 14.9 13.0 2.5 2.5 2 0 1 5 5
920.3 7798.8 -6.8 28 0 10.1 10.6 7.5 2.5 4 1 3 1 1
363.9 8787.8 -9.5 118 0 4.9 34.1 7.5 2.5 2 1 3 2 2
849.0 7812.0 -7.2 28 0 25.4 7.9 7.5 2.5 2 0 3 3 3
368.4 8492.7 -9.1 118 0 4.9 34.1 7.5 2.5 2 1 3 3 3
426.5 8629.6 -9.3 208 0 34.1 4.9 7.5 2.5 2 0 3 2 2
512.0 7991.4 -7.3 208 0 25.4 7.9 5.0 2.5 2 0 2 3 3
940.3 7865.3 -7.0 28 0 25.4 8.0 7.5 2.5 2 0 3 2 2
258.4 8609.9 -8.5 117 0 4.9 34.1 7.5 2.5 2 1 3 3 3
448.4 8572.2 -9.2 28 0 34.1 4.9 7.5 2.5 2 0 3 4 4
794.2 7826.0 -7.5 118 0 7.9 25.4 5.0 2.5 2 1 2 4 4
990.3 7958.1 -7.9 28 0 25.4 8.0 2.5 2.5 2 0 1 3 3
969.2 7973.3 -8.2 298 0 10.6 10.1 7.5 2.5 4 0 3 0 0
894.7 7914.1 -7.7 28 0 10.1 10.6 5.0 2.5 2 1 2 2 2
443.1 8887.3 -9.6 298 0 4.9 34.1 2.5 2.5 2 1 1 1 1
418.9 8842.2 -9.6 298 0 4.9 34.1 7.5 2.5 4 1 3 5 5
948.7 7758.4 -6.6 28 0 25.4 7.9 7.5 2.5 2 0 3 3 3
628.3 7955.5 -7.3 28 0 10.1 10.6 7.5 2.5 2 1 3 1 1
469.3 7945.4 -6.7 208 0 25.4 7.9 5.0 2.5 2 0 2 1 1
421.3 8542.0 -9.2 28 0 34.1 4.9 5.0 2.5 2 0 2 1 1
791.3 7943.5 -7.0 208 0 25.4 8.0 2.5 2.5 2 0 1 0 0
541.3 7974.9 -7.9 208 0 25.4 7.9 5.0 2.5 2 0 2 0 0
769.1 7879.1 -7.3 208 0 10.1 10.6 5.0 2.5 2 1 2 4 4
907.9 7685.7 -6.6 28 0 10.1 10.6 5.0 2.5 2 1 2 5 5
766.6 7773.0 -7.6 118 0 7.9 25.4 2.5 2.5 4 1 1 5 5
1048.9 7953.6 -6.7 28 0 10.1 10.6 7.5 2.5 2 1 3 2 2
344.2 8628.8 -9.3 27 0 34.1 4.9 5.0 2.5 2 0 2 3 3
923.1 7873.7 -7.1 28 0 25.4 7.9 7.5 2.5 2 0 3 3 3
343.0 8864.7 -9.6 208 0 34.1 4.9 5.0 0.0 0 0 2 3 3
872.3 7758.1 -6.9 28 0 25.4 7.9 2.5 2.5 2 0 1 3 3
233.4 8564.6 -8.3 117 0 4.9 34.1 2.5 2.5 2 1 1 5 5
434.6 8686.7 -9.4 208 0 34.1 4.9 7.5 2.5 2 0 3 2 2
450.2 8616.7 -9.3 28 0 34.1 4.9 5.0 2.5 2 0 2 3 3
862.4 7830.3 -7.2 28 0 10.1 10.6 7.5 2.5 2 1 3 3 3
557.1 7991.9 -7.4 208 0 10.1 10.6 7.5 2.5 2 1 3 2 2
484.1 8006.2 -6.8 208 0 25.4 7.9 7.5 0.0 0 0 3 5 5
-46.6 8842.5 -8.8 28 0 34.1 4.9 7.5 2.5 2 0 3 4 4
324.5 8829.2 -9.6 208 0 34.1 4.9 7.5 2.5 2 0 3 0 0
902.8 8019.7 -7.4 299 0 7.9 25.4 7.5 2.5 2 1 3 3 3
943.9 7914.6 -7.5 28 0 25.4 7.9 7.5 2.5 2 0 3 0 0
987.0 7892.5 -6.8 28 0 25.4 7.9 7.5 2.5 4 0 3 0 0
540.7 7903.0 -8.1 118 0 10.6 10.1 7.5 2.5 2 0 3 3 3
1028.0 7938.3 -6.8 28 0 25.4 7.9 7.5 2.5 2 0 3 4 4
488.3 8862.9 -9.6 298 0 4.9 34.1 5.0 2.5 4 1 2 1 1
535.2 7844.7 -8.3 118 0 8.0 25.4 5.0 2.5 2 1 2 1 1
626.9 7981.5 -7.3 28 0 25.4 7.9 2.5 2.5 2 0 1 3 3
864.7 8040.6 -7.0 299 0 8.0 25.4 2.5 2.5 2 1 1 2 2
898.8 7665.2 -6.5 28 0 25.4 7.9 5.0 2.5 2 0 2 5 5
927.8 7821.5 -6.9 28 0 25.4 7.9 7.5 2.5 2 0 3 2 2
890.8 7789.8 -6.9 28 0 25.4 7.9 5.0 2.5 2 0 2 4 4
361.4 8619.9 -9.3 27 0 34.1 4.9 7.5 2.5 2 0 3 5 5
287.6 8594.5 -9.1 117 0 4.9 34.1 7.5 0.0 0 1 3 3 3
889.1 7695.6 -6.7 28 0 10.1 10.6 7.5 2.5 4 1 3 5 5
389.8 8858.0 -9.6 298 0 4.9 34.1 5.0 2.5 2 1 2 5 5
779.3 7900.1 -7.2 208 0 25.4 7.7 7.5 2.5 2 0 3 2 2
800.3 7729.9 -7.2 118 0 7.9 25.4 5.0 2.5 2 1 2 5 5
-28.8 8788.3 -8.8 28 0 34.1 4.9 2.5 2.5 2 0 1 0 0
888.1 7959.0 -7.5 298 0 7.7 25.4 7.5 2.5 2 1 3 5 5
384.4 8776.6 -9.5 118 0 4.9 34.1 7.5 2.5 2 1 3 3 3
911.7 7830.8 -7.0 28 0 25.4 7.9 5.0 2.5 2 0 2 3 3
351.3 8501.9 -9.1 118 0 4.9 34.1 5.0 2.5 2 1 2 5 5
518.9 8039.7 -6.8 208 0 25.4 7.9 7.5 2.5 2 0 3 1 1
978.8 7845.0 -6.7 28 0 25.4 7.9 5.0 2.5 2 0 2 1 1
-75.3 8729.7 -8.0 118 0 4.9 40.1 2.5 0.0 0 1 1 3 3
457.0 8567.7 -9.2 28 0 34.1 4.9 7.5 2.5 2 0 3 0 0
548.1 7837.9 -8.1 118 0 7.9 25.4 7.5 0.0 0 1 3 2 2
538.3 8001.8 -7.3 208 0 10.1 10.6 5.0 2.5 2 1 2 5 5
792.0 7893.4 -7.2 208 0 25.4 7.9 2.5 2.5 4 0 1 5 5
1015.8 7944.6 -6.9 28 0 25.4 7.9 7.5 0.0 0 0 3 5 5
950.5 7983.2 -8.1 298 0 10.6 10.1 7.5 2.5 2 0 3 0 0
362.6 8853.2 -9.6 208 0 34.1 4.9 5.0 2.5 2 0 2 5 5
905.7 7713.5 -6.6 28 0 25.4 7.9 7.5 2.5 2 0 3 5 5
955.6 7806.7 -6.7 28 0 25.4 7.9 7.5 2.5 2 0 3 5 5
560.8 7831.2 -8.0 118 0 7.9 25.4 2.5 2.5 2 1 1 1 1
649.5 7944.5 -7.1 28 0 10.1 10.6 5.0 2.5 2 1 2 2 2
432.1 7898.7 -8.5 118 0 7.9 25.4 7.5 2.5 2 1 3 4 4
-38.1 8837.8 -9.4 28 0 34.1 4.9 7.5 2.5 2 0 3 3 3
817.0 7929.9 -7.0 208 0 25.4 7.9 5.0 2.5 2 0 2 5 5
821.9 7811.6 -7.3 118 0 7.7 25.4 2.5 2.5 2 1 1 1 1
732.8 7739.0 -7.7 118 0 7.9 25.4 5.0 2.5 2 1 2 2 2
370.1 8615.4 -9.3 27 0 34.1 4.9 2.5 0.0 0 0 1 1 1
930.0 7922.0 -8.0 28 0 25.4 7.9 7.5 2.5 2 0 3 4 4
430.2 8816.8 -9.6 28 0 34.1 4.9 5.0 2.5 2 0 2 4 4
536.2 7923.4 -8.1 118 0 7.9 25.4 5.0 2.5 2 1 2 5 5
224.7 8569.1 -8.2 117 0 4.9 34.1 7.5 2.5 2 1 3 1 1
196.4 8584.8 -7.6 117 0 4.9 34.1 2.5 2.5 2 1 1 0 0
550.9 7870.5 -7.8 118 0 10.6 10.1 7.5 2.5 2 0 3 0 0
606.0 7940.7 -7.8 28 0 25.4 7.9 7.5 2.5 2 0 3 0 0
562.1 8015.8 -7.1 208 0 25.4 7.9 2.5 2.5 2 0 1 5 5
500.0 8023.1 -7.0 208 0 10.1 10.6 7.5 2.5 2 1 3 5 5
411.6 8781.3 -9.4 28 0 34.1 4.9 2.5 0.0 0 0 1 3 3
899.1 8074.0 -7.6 299 0 7.9 25.4 5.0 2.5 2 1 2 3 3
953.7 7883.7 -7.0 28 0 10.1 10.6 7.5 2.5 2 1 3 5 5
487.5 7897.2 -7.3 118 0 7.9 25.4 2.5 2.5 2 1 1 4 4
842.1 7707.8 -6.9 118 0 7.9 25.4 5.0 2.5 2 1 2 0 0
923.1 7981.0 -7.8 298 0 7.9 25.4 5.0 2.5 2 1 2 4 4
573.7 7824.4 -8.0 118 0 7.9 25.4 2.5 2.5 2 1 1 1 1
934.8 7765.8 -6.7 28 0 25.4 7.9 7.5 2.5 2 0 3 3 3
897.7 7838.2 -7.1 28 0 25.4 7.9 5.0 2.5 2 0 2 1 1
253.9 8553.6 -8.7 117 0 4.9 34.1 2.5 2.5 2 1 1 3 3
455.4 7952.7 -6.6 208 0 25.4 7.9 5.0 2.5 2 0 2 2 2
407.5 8594.3 -9.3 208 0 34.1 4.9 2.5 2.5 2 0 1 5 5
529.3 7875.0 -7.7 118 0 7.9 25.4 5.0 2.5 2 1 2 2 2
838.6 7868.8 -7.3 28 0 25.4 8.1 5.0 2.5 2 0 2 4 4
735.6 7771.6 -7.7 118 0 10.6 10.1 7.5 2.5 2 0 3 4 4
491.0 8842.1 -9.4 28 0 34.1 4.9 7.5 2.5 2 0 3 5 5
-20.2 8783.7 -8.9 28 0 34.1 4.9 7.5 2.5 2 0 3 3 3
802.3 7963.1 -6.8 208 0 10.1 10.6 7.5 2.5 2 1 3 4 4
344.0 8817.7 -9.6 208 0 34.1 4.9 2.5 2.5 2 0 1 2 2
412.7 8546.6 -9.2 28 0 34.1 4.9 2.5 2.5 2 0 1 5 5
965.9 7851.8 -6.8 28 0 25.4 7.9 7.5 2.5 2 0 3 3 3
314.8 8599.6 -9.3 27 0 34.1 4.9 5.0 2.5 2 0 2 5 5
680.3 7953.7 -7.0 28 0 25.4 7.7 2.5 0.0 0 0 1 0 0
597.0 7997.4 -7.3 28 0 25.4 7.9 2.5 2.5 2 0 1 0 0
771.1 7852.6 -7.5 208 0 25.4 7.9 5.0 0.0 0 0 2 5 5
957.9 8014.6 -8.0 298 0 7.9 25.4 7.5 2.5 2 1 3 4 4
312.9 8664.5 -9.1 297 0 4.9 34.1 7.5 2.5 2 1 3 2 2
458.3 8801.6 -9.2 28 0 34.1 4.9 7.5 2.5 2 0 3 1 1
891.8 7720.9 -6.7 28 0 25.4 7.9 2.5 2.5 2 0 1 2 2
279.8 8540.2 -9.2 117 0 4.9 34.1 7.5 2.5 2 1 3 5 5
645.3 7920.0 -7.4 28 0 25.4 7.7 5.0 2.5 2 0 2 1 1
450.3 7928.8 -7.4 208 0 10.1 10.6 7.5 2.5 2 1 3 5 5
829.8 7923.1 -7.1 208 0 25.4 7.9 7.5 2.5 2 0 3 3 3
793.3 7758.9 -7.4 118 0 8.1 25.4 5.0 2.5 2 1 2 5 5
1001.3 7983.5 -8.1 298 0 10.6 10.1 5.0 2.5 2 0 2 2 2
228.2 8690.6 -7.7 207 0 34.1 4.9 7.5 2.5 2 0 3 0 0
904.6 7949.9 -7.7 298 0 7.9 25.4 5.0 2.5 2 1 2 1 1
471.1 8872.1 -9.7 298 0 4.9 34.1 7.5 2.5 2 1 3 3 3
441.1 8810.8 -9.5 28 0 34.1 4.9 7.5 2.5 2 0 3 0 0
501.4 7889.8 -7.3 118 0 7.9 25.4 5.0 2.5 2 1 2 0 0
678.3 7823.4 -7.8 118 0 79.2 27.2 10.0 0.0 0 0 4 0 0
205.1 8580.3 -7.8 117 0 4.9 34.1 5.0 2.5 2 1 2 5 5
606.4 7965.9 -7.6 28 0 10.1 10.6 7.5 2.5 2 1 3 3 3
505.0 8047.1 -6.7 208 0 25.4 7.9 5.0 2.5 2 0 2 4 4
330.2 8655.5 -9.3 297 0 4.9 34.1 7.5 2.5 2 1 3 3 3
422.5 8775.3 -9.2 28 0 34.1 4.9 5.0 2.5 2 0 2 5 5
898.1 8039.1 -7.2 299 0 10.6 10.1 7.5 2.5 2 0 3 2 2
283.7 8679.9 -8.5 297 0 4.9 34.1 7.5 2.5 2 1 3 5 5
849.0 7756.1 -7.0 118 0 7.9 25.4 7.5 2.5 2 1 3 3 3
985.8 7999.8 -8.4 298 0 7.9 25.4 5.0 2.5 2 1 2 1 1
825.2 7977.4 -6.8 208 0 25.4 7.9 7.5 2.5 2 0 3 1 1
920.8 7773.1 -6.8 28 0 25.4 7.9 5.0 2.5 2 0 2 2 2
448.3 8761.5 -9.2 28 0 34.1 4.9 7.5 2.5 4 0 3 1 1
869.9 7852.9 -7.2 28 0 25.4 7.9 7.5 0.0 0 0 3 5 5
460.4 8673.0 -9.4 208 0 34.1 4.9 5.0 0.0 0 0 2 1 1
481.2 8033.1 -6.6 208 0 10.1 10.6 5.0 2.5 2 1 2 1 1
974.1 7899.4 -6.9 28 0 25.4 7.9 7.5 2.5 4 0 3 3 3
416.1 8589.7 -9.3 208 0 34.1 4.9 5.0 2.5 2 0 2 1 1
1013.7 8012.0 -8.5 298 0 7.6 25.4 7.5 2.5 2 1 3 4 4
895.2 7888.5 -7.7 28 0 25.4 7.9 5.0 2.5 4 0 2 0 0
360.2 8932.9 -9.1 298 0 4.9 34.1 5.0 2.5 2 1 2 3 3
864.3 7905.1 -7.4 28 0 25.4 7.7 2.5 2.5 2 0 1 4 4
325.9 8873.9 -9.5 208 0 34.1 4.9 5.0 2.5 2 0 2 1 1
957.8 7778.9 -6.6 28 0 10.1 10.6 7.5 2.5 2 1 3 1 1
439.7 8766.1 -9.2 28 0 34.1 4.9 2.5 2.5 2 0 1 1 1
443.2 8682.2 -9.4 208 0 34.1 4.9 7.5 2.5 2 0 3 0 0
639.8 7974.7 -7.1 28 0 25.4 7.9 2.5 2.5 2 0 1 5 5
480.8 7924.9 -7.1 118 0 7.9 25.4 5.0 2.5 2 1 2 1 1
429.8 8537.4 -9.2 28 0 34.1 4.9 7.5 0.0 0 0 3 1 1
325.8 8593.6 -9.3 27 0 34.1 4.9 7.5 2.5 2 0 3 2 2
812.5 7984.1 -6.8 208 0 25.4 7.6 7.5 2.5 4 0 3 3 3
548.2 8023.2 -7.0 208 0 25.4 7.9 5.0 2.5 2 0 2 3 3
780.6 7765.7 -7.5 118 0 7.9 25.4 7.5 2.5 4 1 3 5 5
1026.4 8005.3 -8.2 298 0 7.9 25.4 7.5 0.0 0 1 3 4 4
254.1 8677.1 -8.1 207 0 34.1 4.9 5.0 2.5 2 0 2 0 0
-84.1 8734.3 -8.0 118 0 4.9 40.1 7.5 2.5 2 1 3 5 5
405.5 8907.7 -9.4 298 0 4.9 34.1 7.5 2.5 2 1 3 1 1
828.1 7715.2 -7.0 118 0 7.9 25.4 5.0 2.5 2 1 2 0 0
877.9 7728.3 -6.8 28 0 25.4 7.9 5.0 2.5 2 0 2 2 2
290.8 8534.2 -9.2 117 0 4.9 34.1 2.5 2.5 2 1 1 0 0
359.9 8497.3 -9.1 118 0 4.9 34.1 7.5 0.0 0 1 3 3 3
187.8 8589.3 -7.5 117 0 4.9 34.1 7.5 2.5 2 1 3 0 0
862.9 7804.6 -7.1 28 0 25.4 7.9 5.0 2.5 2 0 2 2 2
555.2 7967.5 -8.0 208 0 25.4 7.9 7.5 2.5 2 0 3 0 0
909.1 7881.1 -7.2 28 0 25.4 7.9 5.0 2.5 2 0 2 2 2
466.8 8797.0 -9.0 28 0 34.1 4.9 7.5 2.5 2 0 3 0 0
522.0 7912.9 -7.8 118 0 10.6 10.1 10.0 2.5 2 0 4 4 4
661.6 7925.9 -7.3 298 0 7.7 25.4 7.5 2.5 2 1 3 1 1
569.0 7878.8 -8.2 118 0 7.9 25.4 7.5 2.5 2 1 3 3 3
653.8 7967.4 -7.0 28 0 25.4 7.9 2.5 0.0 0 0 1 3 3
431.6 7938.7 -7.6 208 0 10.1 10.6 7.5 2.5 2 1 3 5 5
847.6 7677.9 -6.8 118 0 7.9 25.4 5.0 2.5 2 1 2 0 0
941.7 7814.1 -6.8 28 0 25.4 7.9 5.0 2.5 4 0 2 0 0
492.7 8655.5 -9.4 28 0 34.1 4.9 7.5 2.5 2 0 3 0 0
352.8 8624.4 -9.3 27 0 34.1 4.9 7.5 2.5 2 0 3 2 2
209.8 8655.4 -7.5 207 0 34.1 4.9 7.5 2.5 2 0 3 0 0
772.2 7718.2 -7.4 118 0 7.7 25.4 2.5 2.5 2 1 1 5 5
818.8 7879.2 -7.3 208 0 25.4 7.9 7.5 2.5 4 0 3 4 4
821.2 7770.9 -7.2 118 0 7.9 25.4 5.0 2.5 2 1 2 0 0
-84.0 8799.4 -7.9 118 0 4.9 34.1 7.5 2.5 2 1 3 0 0
804.3 7936.6 -7.0 208 0 25.4 7.9 7.5 2.5 2 0 3 1 1
326.6 8534.8 -9.2 27 0 34.1 4.9 7.5 2.5 2 0 3 4 4
307.3 8838.4 -9.6 208 0 34.1 4.9 2.5 2.5 2 0 1 0 0
876.9 7797.2 -7.0 28 0 25.4 7.9 2.5 2.5 2 0 1 3 3
475.6 8664.7 -9.4 28 0 34.1 4.9 2.5 2.5 2 0 1 4 4
458.8 8612.1 -9.3 28 0 34.1 4.9 5.0 0.0 0 0 2 4 4
532.9 8032.3 -6.9 208 0 25.4 7.9 2.5 2.5 2 0 1 2 2
961.3 7906.1 -7.0 28 0 25.4 7.6 7.5 2.5 2 0 3 3 3
439.8 8576.8 -9.2 28 0 34.1 4.9 5.0 0.0 0 0 2 3 3
962.5 7945.8 -8.1 28 0 25.4 7.9 7.5 2.5 2 0 3 2 2
451.6 8882.7 -9.6 298 0 4.9 34.1 5.0 2.5 2 1 2 4 4
671.7 7894.7 -7.6 208 0 27.7 79.1 10.0 0.0 0 0 4 3 3
875.5 7663.1 -6.6 118 0 7.9 25.4 5.0 0.0 0 1 2 2 2
939.0 7788.8 -6.7 28 0 10.1 10.6 2.5 2.5 2 1 1 2 2
575.6 7857.3 -8.2 118 0 10.6 10.1 5.0 2.5 2 0 2 5 5
614.1 7988.3 -7.3 28 0 25.4 7.6 7.5 2.5 2 0 3 2 2
441.4 7960.1 -6.8 208 0 25.4 7.9 2.5 2.5 2 0 1 2 2
874.1 7966.0 -7.3 298 0 8.1 25.4 7.5 2.5 2 1 3 1 1
804.9 7886.6 -7.2 208 0 25.4 7.9 2.5 2.5 2 0 1 2 2
753.7 7779.8 -7.6 118 0 7.9 25.4 7.5 2.5 2 1 3 5 5
1003.1 7951.4 -7.4 28 0 25.4 7.9 5.0 2.5 2 0 2 3 3
236.9 8686.1 -7.8 207 0 34.1 4.9 5.0 2.5 2 0 2 3 3
913.4 7904.2 -7.8 28 0 10.1 10.6 7.5 2.5 2 1 3 4 4
434.5 8891.9 -9.5 298 0 4.9 34.1 7.5 2.5 2 1 3 0 0
814.2 7722.6 -7.1 118 0 7.9 25.4 2.5 2.5 2 1 1 2 2
593.1 7947.5 -8.0 28 0 25.4 8.0 5.0 2.5 2 0 2 2 2
719.9 7745.8 -7.8 118 0 8.0 25.4 2.5 2.5 2 1 1 0 0
498.1 7998.8 -7.1 208 0 25.4 7.9 7.5 2.5 2 0 3 0 0
-18.7 8827.0 -10.1 28 0 34.1 4.9 7.5 2.5 4 0 3 3 3
1002.4 7858.2 -6.7 28 0 10.1 10.6 10.0 2.5 2 1 4 5 5
375.8 8781.2 -9.5 118 0 4.9 34.1 2.5 2.5 2 1 1 3 3
179.2 8593.8 -7.3 117 0 4.9 34.1 7.5 2.5 2 1 3 5 5
925.7 8059.4 -7.4 299 0 7.9 25.4 2.5 2.5 2 1 1 1 1
953.2 7858.5 -6.9 28 0 25.4 7.9 2.5 2.5 2 0 1 0 0
522.3 7930.7 -7.9 118 0 7.9 25.4 5.0 2.5 2 1 2 4 4
556.3 7885.5 -8.4 118 0 7.6 25.4 7.5 2.5 2 1 3 0 0
877.5 8033.6 -7.0 299 0 7.9 25.4 5.0 2.5 2 1 2 4 4
906.9 7780.5 -6.8 28 0 25.4 7.9 5.0 2.5 2 0 2 2 2
-45.3 8736.1 -8.1 28 0 40.1 4.9 7.5 2.5 2 0 3 5 5
919.7 7706.1 -6.6 28 0 25.4 7.9 5.0 2.5 2 0 2 1 1
503.2 7922.9 -7.5 118 0 10.6 10.1 7.5 2.5 2 0 3 2 2
758.1 7859.4 -7.5 208 0 25.4 8.0 5.0 2.5 2 0 2 3 3
1039.3 7998.4 -7.7 298 0 7.9 25.4 7.5 2.5 2 1 3 4 4
403.1 8785.9 -9.5 28 0 34.1 4.9 7.5 0.0 0 0 3 5 5
501.3 8650.9 -9.4 28 0 34.1 4.9 2.5 2.5 2 0 1 5 5
491.1 8054.5 -6.6 208 0 25.4 7.9 5.0 2.5 2 0 2 3 3
388.9 8559.5 -9.2 208 0 34.1 4.9 5.0 2.5 2 0 2 4 4
978.4 7870.5 -6.8 28 0 10.1 10.6 2.5 2.5 2 1 1 3 3
576.1 7956.5 -8.1 28 0 25.4 7.9 5.0 0.0 0 0 2 5 5
814.5 7850.7 -7.4 118 0 10.6 10.1 7.5 2.5 2 0 3 1 1
971.8 8007.2 -8.2 298 0 7.9 25.4 7.5 2.5 2 1 3 0 0
449.7 8806.2 -9.4 28 0 34.1 4.9 2.5 2.5 2 0 1 5 5
899.9 7810.4 -7.0 28 0 10.1 10.6 10.0 2.5 2 1 4 2 2
271.2 8544.7 -9.0 117 0 4.9 34.1 2.5 2.5 2 1 1 0 0
599.6 7845.0 -8.3 118 0 10.6 10.1 7.5 2.5 2 0 3 5 5
666.5 7960.6 -7.0 28 0 25.4 8.1 2.5 2.5 4 0 1 2 2
446.0 7891.3 -8.6 118 0 7.9 25.4 2.5 2.5 2 1 1 0 0
-55.2 8847.1 -8.3 28 0 34.1 4.9 2.5 2.5 2 0 1 5 5
875.6 7925.6 -7.5 28 0 10.1 10.6 7.5 2.5 2 1 3 2 2
758.4 7725.5 -7.5 118 0 7.9 25.4 7.5 2.5 2 1 3 5 5
1040.3 7931.9 -6.7 28 0 25.4 7.7 5.0 2.5 2 0 2 3 3
301.0 8671.0 -8.9 297 0 4.9 34.1 5.0 2.5 2 1 2 1 1
916.1 7929.4 -7.9 28 0 25.4 7.9 5.0 2.5 4 0 2 4 4
385.9 8919.2 -9.2 298 0 4.9 34.1 5.0 2.5 2 1 2 3 3
351.6 8860.1 -9.6 208 0 34.1 4.9 5.0 2.5 2 0 2 3 3
510.8 7951.2 -7.6 208 0 25.4 7.9 5.0 2.5 2 0 2 5 5
216.1 8573.6 -8.0 117 0 4.9 34.1 7.5 2.5 2 1 3 4 4
608.5 7857.9 -8.2 118 0 8.1 25.4 7.5 2.5 2 1 3 0 0
618.7 7934.0 -7.7 28 0 25.4 7.9 5.0 2.5 2 0 2 2 2
451.8 8677.6 -9.4 208 0 34.1 4.9 7.5 0.0 0 0 3 3 3
527.3 7982.3 -7.7 208 0 25.4 7.9 5.0 2.5 4 0 2 3 3
321.6 8660.0 -9.2 297 0 4.9 34.1 5.0 2.5 2 1 2 5 5
333.0 8824.6 -9.6 208 0 34.1 4.9 7.5 2.5 4 0 3 5 5
218.4 8650.9 -7.7 207 0 34.1 4.9 7.5 2.5 2 0 3 0 0
790.9 7868.7 -7.3 208 0 10.1 10.6 2.5 2.5 2 1 1 5 5
911.9 8067.0 -7.4 299 0 7.9 25.4 7.5 2.5 2 1 3 3 3
292.4 8675.5 -8.7 297 0 4.9 34.1 5.0 2.5 2 1 2 2 2
1013.8 7878.4 -6.7 28 0 25.4 8.1 7.5 2.5 2 0 3 4 4
951.0 7966.3 -8.1 298 0 7.9 25.4 5.0 0.0 0 1 2 1 1
660.8 7874.4 -7.7 208 0 18.2 79.2 7.5 2.5 2 0 3 5 5
969.6 7799.3 -6.6 28 0 25.4 7.9 5.0 2.5 2 0 2 1 1
883.8 7845.6 -7.1 28 0 25.4 7.9 2.5 2.5 2 0 1 4 4
418.1 7906.1 -8.5 118 0 7.9 25.4 2.5 2.5 2 1 1 4 4
992.5 7837.8 -6.6 28 0 25.4 7.7 7.5 2.5 2 0 3 5 5
431.2 8581.4 -9.3 28 0 34.1 4.9 7.5 2.5 2 0 3 4 4
550.1 7916.0 -8.2 118 0 7.9 25.4 5.0 2.5 2 1 2 0 0
781.4 7832.8 -7.5 118 0 7.9 25.4 7.5 2.5 2 1 3 1 1
847.4 7980.0 -6.9 298 0 7.9 25.4 7.5 2.5 2 1 3 3 3
431.1 8770.7 -9.1 28 0 34.1 4.9 7.5 2.5 4 0 3 0 0
348.5 8522.7 -9.2 208 0 34.1 4.9 2.5 2.5 2 0 1 2 2
459.9 7883.9 -8.6 118 0 7.9 25.4 7.5 2.5 2 1 3 5 5
397.5 8554.9 -9.2 208 0 34.1 4.9 5.0 2.5 2 0 2 4 4
235.7 8641.9 -8.0 207 0 34.1 4.9 7.5 0.0 0 0 3 3 3
583.0 8004.8 -7.2 28 0 25.4 7.9 5.0 2.5 2 0 2 1 1
852.4 7861.9 -7.5 28 0 25.4 7.7 7.5 2.5 2 0 3 3 3
938.3 8052.5 -7.6 299 0 8.1 25.4 2.5 2.5 2 1 1 0 0
1028.5 7964.6 -7.2 28 0 10.1 10.6 7.5 2.5 2 1 3 3 3
944.0 8022.0 -7.8 298 0 7.9 25.4 7.5 2.5 2 1 3 5 5
333.2 8634.8 -9.3 27 0 34.1 4.9 7.5 2.5 2 0 3 4 4
414.0 8903.1 -9.4 298 0 4.9 34.1 7.5 0.0 0 1 3 1 1
343.0 8584.7 -9.3 27 0 34.1 4.9 5.0 2.5 2 0 2 1 1
388.0 8481.3 -9.1 118 0 4.9 34.1 7.5 2.5 2 1 3 1 1
471.3 7911.9 -7.1 118 0 10.6 10.1 5.0 0.0 0 0 2 1 1
355.3 8792.4 -9.5 118 0 4.9 34.1 7.5 2.5 2 1 3 5 5
890.1 8026.7 -7.2 299 0 7.9 25.4 2.5 2.5 2 1 1 5 5
745.5 7732.3 -7.6 118 0 7.9 25.4 7.5 2.5 2 1 3 0 0
881.3 7895.9 -7.7 28 0 25.4 7.9 2.5 2.5 2 0 1 0 0
334.5 8869.3 -9.6 208 0 34.1 4.9 7.5 2.5 4 0 3 3 3
515.3 7882.4 -7.5 118 0 7.9 25.4 2.5 2.5 2 1 1 5 5
587.5 7817.1 -8.2 118 0 7.7 25.4 5.0 2.5 2 1 2 0 0
631.6 7927.2 -7.6 28 0 25.4 7.9 7.5 2.5 2 0 3 1 1
861.5 7670.5 -6.7 118 0 7.9 25.4 7.5 2.5 2 1 3 2 2
470.2 8013.5 -6.4 208 0 25.4 7.9 5.0 0.0 0 0 2 3 3
265.2 8670.4 -8.4 207 0 34.1 4.9 7.5 2.5 2 0 3 2 2
267.0 8605.5 -8.7 117 0 4.9 34.1 7.5 2.5 2 1 3 1 1
886.5 8081.0 -7.7 299 0 7.6 25.4 7.5 2.5 2 1 3 5 5
863.4 7703.6 -6.8 118 0 10.6 10.1 7.5 2.5 2 0 3 2 2
245.5 8681.6 -8.0 207 0 34.1 4.9 5.0 2.5 2 0 2 5 5
835.1 7763.5 -7.1 118 0 7.9 25.4 7.5 2.5 2 1 3 3 3
937.0 7973.6 -8.0 298 0 7.9 25.4 5.0 2.5 2 1 2 5 5
-56.7 8803.9 -8.3 28 0 34.1 4.9 2.5 2.5 2 0 1 0 0
845.4 7941.6 -7.2 208 0 10.1 10.6 5.0 2.5 4 1 2 5 5
308.1 8525.3 -9.2 117 0 4.9 34.1 7.5 0.0 0 1 3 1 1
169.1 8470.2 -6.2 298 0 28.1 12.1 7.5 0.0 0 0 3 4 4
826.8 8093.6 -8.3 298 0 10.4 13.0 2.5 0.0 0 1 1 5 5
967.1 8481.3 -8.5 28 0 30.3 8.8 7.5 0.0 0 0 3 5 5
532.9 8079.5 -6.0 208 0 20.4 7.5 5.0 2.5 2 0 2 3 3
604.1 8149.6 -7.2 208 0 20.4 7.9 5.0 2.5 2 0 2 0 0
868.8 8236.4 -8.1 118 0 8.6 74.3 7.5 2.5 2 1 3 5 5
144.4 8794.0 -7.7 28 0 39.0 9.6 7.5 2.5 2 0 3 2 2
822.8 8354.1 -7.5 208 0 5.0 24.6 7.5 2.5 2 1 3 1 1
602.0 8042.7 -6.3 28 0 20.4 7.6 7.5 2.5 2 0 3 4 4
508.9 8092.2 -5.8 208 0 20.4 7.9 7.5 2.5 2 0 3 4 4
44.9 8713.6 -7.0 118 0 9.6 39.0 7.5 2.5 2 1 3 0 0
215.6 8735.2 -7.9 28 0 57.9 26.5 10.0 2.5 2 0 4 5 5
350.2 8318.2 -6.8 28 0 41.4 10.1 10.0 2.5 2 0 4 2 2
63.4 8788.6 -7.4 208 0 39.0 9.6 7.5 2.5 2 0 3 3 3
186.1 8834.7 -8.6 28 0 39.0 9.6 7.5 0.0 0 0 3 5 5
-0.8 8688.9 -7.9 118 0 9.6 39.1 7.5 2.5 2 1 3 5 5
180.5 8663.5 -6.9 28 0 39.0 9.6 7.5 2.5 2 0 3 5 5
123.2 8805.3 -7.7 208 0 39.1 9.6 7.5 2.5 2 0 3 5 5
932.4 8347.9 -7.5 28 0 56.4 8.2 7.5 2.5 2 0 3 3 3
256.8 8284.3 -7.8 298 0 10.1 41.4 7.5 2.5 4 1 3 5 5
772.1 8088.9 -8.4 208 0 13.4 28.6 7.5 2.5 4 1 3 5 5
664.5 8045.6 -6.8 28 0 20.4 7.6 5.0 2.5 2 0 2 4 4
323.7 8745.5 -9.3 118 0 20.2 31.7 12.5 0.0 0 1 5 3 3
252.8 8798.7 -9.0 28 0 39.0 9.6 5.0 2.5 2 0 2 1 1
165.5 8734.4 -7.2 28 0 39.0 9.6 7.5 2.5 2 0 3 1 1
615.2 8036.1 -6.4 28 0 20.4 7.9 2.5 2.5 2 0 1 2 2
647.7 8138.1 -6.8 298 0 7.6 20.4 5.0 2.5 2 1 2 0 0
227.9 8852.8 -9.0 28 0 19.6 35.1 7.5 0.0 0 1 3 2 2
323.5 8248.9 -7.7 298 0 10.1 41.4 7.5 2.5 2 1 3 0 0
261.4 8291.2 -7.7 118 0 10.1 41.4 12.5 2.5 2 1 5 0 0
523.0 8120.4 -6.4 208 0 20.4 7.9 5.0 2.5 2 0 2 0 0
590.0 8121.4 -6.5 208 0 20.4 7.9 7.5 2.5 4 0 3 2 2
871.7 8454.9 -7.2 209 0 32.7 21.6 10.0 0.0 0 0 4 5 5
901.7 8260.5 -8.2 28 0 74.3 8.6 5.0 0.0 0 0 2 4 4
96.1 8819.8 -7.6 208 0 39.0 9.6 7.5 2.5 2 0 3 1 1
1003.6 8593.0 -9.1 298 0 9.6 5.7 7.5 2.5 2 0 3 5 5
769.3 7813.6 -7.6 119 0 25.4 10.5 7.5 2.5 2 0 3 0 0
597.7 8080.5 -6.0 208 0 20.4 7.5 7.5 2.5 4 0 3 4 4
945.6 8340.9 -7.5 28 0 56.4 8.9 7.5 2.5 2 0 3 2 2
719.9 7930.9 -7.1 208 0 12.6 17.2 5.0 0.0 0 1 2 1 1
1027.3 8565.3 -9.1 298 0 9.1 40.4 7.5 2.5 2 1 3 2 2
790.2 8107.4 -8.6 208 0 11.9 17.2 5.0 2.5 2 1 2 3 3
848.5 8395.4 -7.3 208 0 75.2 8.8 7.5 2.5 4 0 3 4 4
310.4 8717.4 -9.0 298 0 26.4 26.5 7.5 0.0 0 1 3 5 5
9.1 8754.5 -8.3 208 0 39.0 9.6 7.5 2.5 2 0 3 0 0
715.5 8073.5 -8.2 29 0 36.8 10.4 7.5 2.5 2 0 3 2 2
50.7 8795.4 -7.8 208 0 39.0 9.6 7.5 2.5 2 0 3 0 0
906.0 8362.4 -7.4 28 0 57.2 8.7 7.5 2.5 2 0 3 4 4
109.5 8875.3 -7.7 208 0 39.0 9.6 7.5 2.5 2 0 3 4 4
127.2 8927.3 -6.9 208 0 26.3 19.7 7.5 2.5 2 0 3 1 1
826.8 8246.2 -8.1 118 0 37.9 4.3 7.5 2.5 2 0 3 3 3
999.7 8506.5 -8.8 28 0 29.9 9.4 7.5 2.5 2 0 3 3 3
167.7 8670.3 -6.7 28 0 39.0 9.6 7.5 2.5 2 0 3 2 2
626.8 8029.9 -6.5 28 0 20.4 7.5 5.0 2.5 2 0 2 2 2
565.4 8170.4 -7.7 208 0 20.4 7.5 7.5 2.5 2 0 3 5 5
110.4 8812.1 -7.7 208 0 39.0 9.6 7.5 2.5 2 0 3 1 1
955.2 8542.1 -8.7 208 0 4.6 24.6 7.5 2.5 2 1 3 4 4
270.1 8277.2 -7.8 298 0 10.1 41.4 7.5 2.5 2 1 3 5 5
851.5 8047.0 -7.2 299 0 8.0 25.4 5.0 2.5 2 1 2 4 4
227.3 8812.3 -8.9 28 0 39.0 9.6 7.5 2.5 2 0 3 4 4
890.6 8444.6 -7.3 208 0 32.6 30.1 12.5 0.0 0 0 5 1 1
855.9 8243.3 -8.1 118 0 8.6 74.3 7.5 2.5 2 1 3 0 0
103.3 8767.3 -7.0 208 0 39.0 9.6 7.5 2.5 2 0 3 3 3
83.3 8826.6 -7.6 208 0 39.0 9.6 7.5 0.0 0 0 3 0 0
1012.4 8574.1 -9.0 298 0 8.3 41.5 7.5 2.5 2 1 3 4 4
363.5 8311.1 -6.8 28 0 41.4 10.1 7.5 2.5 2 0 3 3 3
752.0 8053.6 -7.7 208 0 13.9 43.3 7.5 2.5 2 0 3 2 2
347.6 8699.4 -9.4 298 0 18.6 13.5 7.5 2.5 2 0 3 1 1
167.7 8908.9 -7.9 208 0 21.7 30.1 12.5 0.0 0 1 5 2 2
574.8 8129.8 -6.7 208 0 20.4 7.6 7.5 2.5 2 0 3 1 1
701.6 8080.9 -7.7 29 0 36.9 10.9 7.5 2.5 2 0 3 3 3
920.1 8354.0 -7.4 28 0 56.3 8.4 7.5 2.5 2 0 3 5 5
746.0 7910.2 -7.2 208 0 37.5 10.9 10.0 0.0 0 0 4 3 3
1010.4 8495.4 -8.8 28 0 39.6 8.9 7.5 2.5 2 0 3 1 1
274.7 8284.2 -7.7 118 0 10.1 41.4 10.0 2.5 2 1 4 4 4
588.9 8158.0 -7.4 208 0 20.4 7.6 5.0 0.0 0 0 2 2 2
301.3 8344.1 -7.0 208 0 41.4 10.1 10.0 2.5 4 0 4 1 1
84.8 8692.3 -6.1 118 0 9.6 39.0 7.5 2.5 2 1 3 5 5
558.6 8101.6 -6.0 208 0 20.4 7.6 5.0 2.5 2 0 2 5 5
559.7 8065.0 -6.1 208 0 20.4 7.9 2.5 2.5 2 0 1 5 5
211.6 8821.1 -8.8 28 0 39.0 9.6 7.5 2.5 2 0 3 0 0
113.1 8677.5 -6.2 118 0 9.6 39.0 7.5 2.5 2 1 3 4 4
927.6 8557.7 -8.5 208 0 4.8 24.5 7.5 2.5 2 1 3 2 2
24.4 8746.7 -7.8 208 0 39.1 9.6 7.5 2.5 2 0 3 2 2
976.0 8599.6 -8.9 298 0 4.6 14.0 7.5 2.5 2 1 3 4 4
152.8 8741.2 -7.1 28 0 39.0 9.6 7.5 2.5 2 0 3 5 5
96.8 8882.1 -7.5 208 0 39.0 9.6 7.5 2.5 2 0 3 0 0
841.6 8250.6 -8.1 118 0 8.6 74.3 7.5 2.5 2 1 3 2 2
158.9 8882.8 -8.0 208 0 11.8 16.1 5.0 2.5 2 1 2 5 5
732.4 7917.6 -7.2 208 0 37.3 10.7 7.5 2.5 2 0 3 4 4
1027.2 8490.9 -8.9 28 0 40.2 8.6 7.5 2.5 2 0 3 3 3
155.0 8677.1 -6.5 28 0 39.0 9.6 7.5 2.5 2 0 3 5 5
858.5 8383.8 -7.3 208 0 64.1 4.3 7.5 2.5 2 0 3 1 1
159.9 8786.0 -7.8 28 0 39.0 9.6 7.5 2.5 4 0 3 3 3
585.8 8086.8 -5.9 208 0 20.4 7.5 7.5 2.5 2 0 3 2 2
283.5 8270.1 -7.7 298 0 10.1 41.4 7.5 2.5 2 1 3 5 5
-16.2 8696.7 -8.2 118 0 9.6 39.0 7.5 0.0 0 1 3 3 3
865.6 8225.4 -8.2 118 0 37.9 4.3 7.5 2.5 2 0 3 0 0
90.5 8774.1 -6.9 208 0 39.1 9.6 7.5 2.5 2 0 3 2 2
70.6 8833.4 -7.9 208 0 39.0 9.6 7.5 2.5 2 0 3 1 1
125.7 8670.7 -6.2 118 0 9.6 39.0 7.5 2.5 4 1 3 5 5
184.7 8870.2 -8.2 28 0 12.9 8.4 2.5 2.5 2 0 1 1 1
288.1 8277.1 -7.6 118 0 10.1 41.4 10.0 2.5 2 1 4 5 5
146.3 8610.4 -6.8 118 0 9.6 39.0 7.5 2.5 2 1 3 1 1
544.5 8073.4 -6.0 208 0 20.4 7.6 5.0 2.5 2 0 2 5 5
551.3 8142.2 -7.0 208 0 20.4 7.5 7.5 2.5 2 0 3 5 5
32.3 8720.4 -7.4 118 0 9.6 39.0 7.5 0.0 0 1 3 0 0
563.2 8135.9 -6.8 208 0 20.4 7.5 7.5 2.5 2 0 3 1 1
703.1 7944.8 -7.0 208 0 18.4 13.1 2.5 0.0 0 0 1 3 3
927.0 8517.5 -8.4 208 0 56.0 8.5 7.5 2.5 2 0 3 5 5
616.0 8070.9 -6.0 28 0 20.4 7.6 2.5 0.0 0 0 1 3 3
149.4 8854.0 -8.0 208 0 39.0 9.6 7.5 2.5 4 0 3 2 2
871.5 8383.0 -7.4 208 0 75.1 9.0 7.5 0.0 0 0 3 5 5
100.3 8684.3 -6.1 118 0 9.6 39.1 7.5 2.5 2 1 3 1 1
843.1 8091.9 -8.2 298 0 8.8 18.9 7.5 2.5 2 1 3 0 0
939.5 8435.6 -7.7 28 0 46.3 10.5 7.5 2.5 4 0 3 4 4
314.8 8262.9 -7.5 118 0 10.1 41.4 10.0 2.5 4 1 4 3 3
24.6 8675.4 -7.3 118 0 9.6 39.0 7.5 2.5 2 1 3 2 2
745.9 8042.0 -7.4 208 0 12.0 43.3 15.0 0.0 0 0 6 3 3
120.9 8623.9 -6.3 118 0 9.6 39.0 7.5 2.5 2 1 3 5 5
857.8 8000.7 -7.1 299 0 26.7 9.7 7.5 2.5 2 0 3 3 3
965.4 8606.3 -8.9 298 0 8.3 47.0 7.5 2.5 2 1 3 2 2
124.5 8756.0 -7.0 28 0 39.0 9.6 7.5 2.5 2 0 3 3 3
198.9 8827.9 -8.8 28 0 39.0 9.6 7.5 2.5 2 0 3 3 3
830.0 8257.2 -8.1 118 0 8.6 74.3 7.5 2.5 2 1 3 0 0
652.8 8051.8 -6.4 28 0 20.4 7.5 5.0 2.5 2 0 2 4 4
985.2 8514.7 -8.7 28 0 30.5 8.5 7.5 0.0 0 0 3 5 5
288.0 8351.2 -7.1 208 0 41.4 10.1 7.5 2.5 2 0 3 2 2
791.6 8320.2 -8.0 208 0 74.3 8.6 7.5 2.5 2 0 3 2 2
122.3 8868.5 -7.9 208 0 39.0 9.6 7.5 2.5 2 0 3 5 5
883.9 8321.3 -7.7 28 0 5.0 37.2 5.0 2.5 2 1 2 1 1
239.4 8874.4 -8.7 28 0 13.4 27.9 10.0 2.5 2 1 4 5 5
636.1 8144.2 -6.9 298 0 7.5 20.4 7.5 2.5 2 1 3 4 4
59.4 8705.9 -6.6 118 0 9.6 39.0 7.5 2.5 2 1 3 3 3
941.1 8510.0 -8.5 208 0 56.6 8.3 7.5 2.5 2 0 3 0 0
583.6 8052.3 -6.3 208 0 20.4 7.5 5.0 2.5 2 0 2 1 1
296.8 8263.1 -7.7 298 0 10.1 41.4 5.0 2.5 2 1 2 2 2
893.0 8368.7 -7.3 28 0 57.2 7.9 7.5 2.5 4 0 3 4 4
790.7 8278.6 -8.0 118 0 8.6 74.3 7.5 2.5 2 1 3 0 0
936.8 8401.2 -7.2 28 0 3.7 24.0 7.5 2.5 4 1 3 5 5
650.5 8017.4 -6.7 28 0 20.4 7.6 5.0 2.5 2 0 2 2 2
535.0 8114.0 -6.3 208 0 20.4 7.5 7.5 2.5 2 0 3 3 3
632.3 8099.1 -6.0 28 0 20.4 7.6 7.5 2.5 4 0 3 5 5
887.3 7985.1 -7.5 299 0 28.4 9.8 7.5 2.5 2 0 3 1 1
-28.9 8703.5 -8.2 118 0 9.6 39.0 7.5 2.5 2 1 3 4 4
922.7 8300.5 -7.8 28 0 5.0 37.2 7.5 2.5 4 1 3 1 1
72.1 8699.1 -6.2 118 0 9.6 39.0 5.0 2.5 2 1 2 3 3
172.7 8779.2 -7.9 28 0 39.0 9.6 7.5 2.5 4 0 3 5 5
873.8 8087.7 -7.9 299 0 8.0 25.4 7.5 2.5 2 1 3 3 3
571.7 8058.6 -6.2 208 0 20.4 7.5 5.0 2.5 2 0 2 2 2
937.1 8594.5 -8.8 208 0 47.5 8.8 7.5 2.5 2 0 3 1 1
979.8 8427.9 -8.2 28 0 65.6 17.7 7.5 2.5 2 0 3 1 1
328.8 8353.0 -7.0 298 0 10.1 41.4 12.5 2.5 2 1 5 1 1
802.3 8271.9 -8.0 118 0 8.6 74.3 7.5 2.5 2 1 3 5 5
301.4 8270.0 -7.5 118 0 10.1 41.4 7.5 2.5 2 1 3 1 1
999.3 8580.4 -9.0 298 0 8.8 40.7 7.5 2.5 2 1 3 5 5
133.6 8617.1 -6.5 118 0 9.6 39.1 7.5 0.0 0 1 3 5 5
-3.7 8761.2 -8.6 208 0 39.0 9.6 7.5 0.0 0 0 3 0 0
140.0 8748.0 -7.1 28 0 39.0 9.6 7.5 2.5 2 0 3 2 2
136.6 8860.8 -8.0 208 0 39.0 9.6 7.5 2.5 2 0 3 5 5
328.1 8255.8 -7.4 118 0 10.1 41.4 10.0 2.5 2 1 4 4 4
11.9 8682.1 -7.7 118 0 9.6 39.0 7.5 2.5 2 1 3 0 0
953.5 8503.7 -8.6 208 0 56.6 8.0 7.5 2.5 2 0 3 5 5
342.1 8345.9 -6.9 298 0 10.1 41.4 12.5 2.5 4 1 5 1 1
787.5 8267.6 -8.0 118 0 37.9 4.3 7.5 2.5 2 0 3 3 3
962.7 8389.4 -7.5 28 0 8.6 20.8 7.5 2.5 2 1 3 3 3
708.4 7916.9 -7.2 208 0 12.9 12.0 10.0 2.5 2 0 4 5 5
371.5 8650.9 -9.3 28 0 20.0 20.8 12.5 2.5 2 0 5 1 1
185.4 8772.4 -7.9 28 0 39.0 9.6 7.5 2.5 2 0 3 0 0
915.3 8523.9 -8.4 208 0 56.2 7.7 7.5 2.5 2 0 3 0 0
76.2 8781.8 -7.1 208 0 39.0 9.6 7.5 2.5 2 0 3 2 2
170.6 8842.7 -8.3 28 0 39.0 9.6 5.0 2.5 2 0 2 3 3
817.2 8264.0 -8.0 118 0 8.6 74.3 7.5 0.0 0 1 3 1 1
955.6 8565.9 -8.7 208 0 14.3 4.5 7.5 2.5 2 0 3 0 0
951.8 8428.4 -7.7 28 0 46.3 9.9 7.5 2.5 2 0 3 0 0
640.9 8058.1 -6.2 28 0 20.4 7.5 7.5 2.5 2 0 3 4 4
240.0 8805.5 -8.9 28 0 39.0 9.6 7.5 0.0 0 0 3 5 5
989.0 8593.3 -9.0 298 0 8.8 46.4 7.5 2.5 2 1 3 2 2
553.3 8176.8 -7.7 208 0 20.4 7.9 2.5 2.5 2 0 1 4 4
758.1 8065.2 -8.0 208 0 12.1 43.3 7.5 2.5 2 0 3 3 3
573.7 8093.2 -5.8 208 0 20.4 7.9 7.5 2.5 2 0 3 1 1
310.2 8256.0 -7.7 298 0 10.1 41.4 7.5 2.5 2 1 3 5 5
401.4 8661.4 -9.4 28 0 26.6 42.3 10.0 0.0 0 0 4 5 5
-682.9 -1947.4 3.1 250 0 21.0 12.0 10.0 2.5 2 0 4 3 3
-727.0 -1958.7 3.7 246 0 14.9 11.0 5.0 2.5 2 0 2 1 1
-4734.7 2164.7 -0.6 357 0 59.9 56.0 10.0 0.0 0 0 4 0 0
2361.8 10409.7 -10.4 297 0 35.6 7.7 2.5 2.5 2 0 1 0 0
2396.5 10391.5 -9.9 298 0 34.9 7.7 2.5 2.5 2 0 1 1 1
2446.0 10365.3 -9.4 298 0 22.4 7.3 2.5 2.5 2 0 1 3 3
2486.2 10340.6 -9.0 28 0 7.7 34.5 2.5 2.5 2 1 1 3 3
2241.6 10287.2 -10.8 118 0 13.0 147.4 2.5 0.0 0 1 1 2 2
2221.6 10297.7 -11.1 118 0 14.5 147.6 2.5 0.0 0 1 1 5 5
2208.4 10310.6 -11.1 118 0 7.7 147.2 2.5 2.5 2 1 1 4 4
1091.2 10920.1 -10.7 206 0 11.7 48.9 7.5 2.5 2 1 3 1 1
1186.4 10891.5 -11.1 28 0 48.3 12.6 2.5 2.5 2 0 1 5 5
1149.8 10882.7 -10.9 118 0 12.6 48.3 2.5 2.5 2 1 1 5 5
1251.6 11014.9 -11.0 27 0 48.3 12.6 2.5 2.5 2 0 1 3 3
1233.5 11025.2 -10.6 26 0 48.3 12.6 2.5 2.5 2 0 1 5 5
1192.3 11071.3 -11.1 206 0 50.1 30.7 5.0 0.0 0 0 2 5 5
1146.0 10989.5 -10.7 209 0 82.0 33.4 5.0 0.0 0 0 2 5 5
1400.3 11274.6 -12.8 28 0 32.8 9.7 2.5 2.5 2 0 1 0 0
1416.9 11305.8 -13.0 27 0 32.1 9.7 2.5 2.5 2 0 1 3 3
1406.5 11484.6 -13.5 209 0 10.8 72.2 2.5 2.5 2 1 1 5 5
1395.8 11464.8 -13.6 209 0 9.7 69.1 2.5 2.5 2 1 1 3 3
1498.4 11648.2 -13.6 28 0 49.2 14.2 2.5 2.5 2 0 1 2 2
1534.0 11598.9 -11.5 118 0 42.0 75.3 5.0 0.0 0 1 2 5 5
1594.3 10897.8 -11.8 208 0 17.7 101.6 2.5 0.0 0 1 1 5 5
2648.0 10574.1 -9.6 208 0 23.4 41.5 2.5 0.0 0 1 1 3 3
2789.5 10447.0 -9.6 27 0 20.2 41.5 2.5 2.5 2 1 1 2 2
2733.4 10488.6 -10.3 297 0 41.5 20.2 2.5 2.5 2 0 1 0 0
2667.3 10511.1 -10.3 207 0 20.2 41.5 2.5 2.5 2 1 1 0 0
2624.4 10534.5 -9.6 207 0 20.2 41.5 2.5 2.5 2 1 1 0 0
2596.6 10538.3 -9.3 28 0 40.7 20.1 2.5 2.5 2 0 1 0 0
2573.3 10495.7 -9.8 28 0 40.7 20.1 2.5 2.5 2 0 1 0 0
2554.6 10459.5 -10.5 29 0 30.1 17.2 2.5 2.5 2 0 1 3 3
2646.1 10244.0 -8.6 298 0 23.7 24.7 2.5 2.5 2 1 1 5 5
2495.8 11014.2 -11.4 117 0 22.3 68.1 10.0 2.5 2 1 4 5 5
2496.4 11201.1 -11.7 208 0 23.6 20.2 10.0 0.0 0 0 4 4 4
2487.7 11284.5 -11.9 208 0 18.7 53.0 7.5 2.5 4 1 3 1 1
2593.8 11410.0 -11.2 209 0 21.7 11.7 10.0 2.5 2 0 4 0 0
2568.5 11365.9 -11.5 209 0 72.0 26.0 7.5 0.0 0 0 3 4 4
2463.2 11494.4 -12.1 27 0 14.1 25.8 7.5 2.5 2 1 3 4 4
2410.5 11626.1 -11.0 297 0 19.1 19.4 10.0 2.5 2 1 4 4 4
2386.1 11692.3 -11.2 299 0 27.0 52.6 10.0 0.0 0 1 4 3 3
1721.3 11349.7 -13.8 116 0 19.4 13.1 10.0 2.5 2 0 4 2 2
1752.8 11332.1 -13.6 118 0 26.0 12.5 10.0 2.5 2 0 4 5 5
1782.1 11423.9 -13.2 302 0 41.6 26.3 7.5 0.0 0 0 3 5 5
1746.2 11445.9 -13.2 303 0 31.6 26.2 7.5 0.0 0 0 3 0 0
1519.0 11724.3 -12.1 207 0 47.2 15.3 12.5 2.5 2 0 5 4 4
1597.1 11722.8 -12.9 296 0 38.4 37.7 10.0 0.0 0 0 4 1 1
1768.0 11713.3 -13.4 300 0 20.9 42.7 7.5 2.5 2 1 3 3 3
1963.7 11929.5 -13.2 27 0 11.9 22.9 7.5 2.5 2 1 3 3 3
1872.4 11963.0 -13.4 209 0 50.6 18.5 7.5 2.5 2 0 3 5 5
1847.2 11609.9 -13.3 209 0 19.4 25.0 7.5 2.5 2 1 3 5 5
1781.5 11515.5 -12.4 208 0 70.5 21.2 7.5 2.5 2 0 3 3 3
2576.4 11191.7 -11.7 208 0 134.5 23.4 12.5 0.0 0 0 5 2 2
6299.2 5715.9 -4.2 118 0 22.0 10.5 5.0 2.5 2 0 2 4 4
6184.8 5776.7 -3.2 117 0 23.0 10.9 10.0 2.5 4 0 4 1 1
6159.8 5657.2 -4.7 37 0 16.2 21.7 10.0 2.5 4 1 4 0 0
6062.0 5732.3 -6.6 119 0 11.9 38.4 7.5 0.0 0 1 3 2 2
6020.0 5777.6 -6.6 208 0 22.7 11.0 10.0 2.5 4 0 4 0 0
5896.1 5735.3 -6.0 300 0 24.3 44.7 10.0 0.0 0 1 4 5 5
6375.5 5326.2 -2.6 296 0 20.7 14.9 12.5 2.5 2 0 5 4 4
5961.8 5369.0 -5.1 209 0 12.2 7.5 2.5 2.5 2 0 1 1 1
5964.4 5426.6 -5.6 208 0 78.0 30.9 10.0 0.0 0 0 4 3 3
6305.4 5315.4 -2.1 28 0 22.3 11.3 10.0 2.5 2 0 4 5 5
6292.1 5443.3 -3.9 118 0 10.1 20.0 7.5 2.5 2 1 3 0 0
6235.4 5381.2 -3.7 118 0 36.3 18.0 7.5 2.5 2 0 3 3 3
6196.8 5424.8 -3.6 297 0 35.2 15.9 7.5 2.5 2 0 3 4 4
6112.1 5511.7 -0.9 268 0 5.2 7.5 7.5 2.5 2 1 3 4 4
6112.3 5484.4 -1.2 86 0 9.6 10.1 7.5 2.5 2 1 3 4 4
6152.8 5488.7 -1.2 28 0 10.5 19.8 5.0 0.0 0 1 2 3 3
6171.8 5534.5 -3.3 28 0 11.6 22.1 12.5 2.5 2 1 5 0 0
6192.4 5513.5 -1.6 206 0 9.8 16.4 2.5 2.5 2 1 1 4 4
6211.1 5550.0 -3.2 206 0 17.0 16.6 10.0 2.5 2 0 4 4 4
6200.2 5530.3 -2.2 208 0 17.6 16.2 10.0 2.5 4 0 4 4 4
6254.2 5487.2 -3.9 207 0 45.5 21.7 10.0 2.5 2 0 4 5 5
6150.2 5877.8 -3.6 208 0 15.7 9.1 7.5 2.5 2 0 3 5 5
6196.7 5840.1 -3.1 208 0 13.6 22.8 7.5 2.5 2 1 3 0 0
5870.8 6120.1 -5.4 208 0 9.6 27.5 7.5 2.5 2 1 3 1 1
5941.3 6088.3 -6.3 295 0 13.9 9.6 7.5 0.0 0 0 3 5 5
5986.3 6066.0 -5.4 297 0 26.2 9.0 7.5 0.0 0 0 3 0 0
5976.8 5536.6 -2.7 160 0 9.1 19.5 7.5 2.5 2 1 3 1 1
6056.9 5565.9 -3.7 346 0 28.6 18.0 10.0 2.5 2 0 4 4 4
6297.3 5599.6 -4.0 207 0 11.4 36.0 10.0 2.5 2 1 4 5 5
6265.0 5849.1 -2.9 208 0 44.7 23.7 12.5 0.0 0 0 5 1 1
