-89.4 12150.3 -12.3 51 0 34.4 54.8 17.5 0.0 0 1 5 4 4
852.8 11444.9 -11.0 55 0 7.8 20.8 10.5 3.5 2 1 3 3 3
864.9 11453.5 -11.0 53 0 7.9 21.1 10.5 3.5 2 1 3 2 2
934.9 11488.5 -11.7 324 0 10.7 18.1 17.5 3.5 2 1 5 1 1
942.9 11476.9 -12.1 322 0 10.6 17.1 17.5 3.5 2 1 5 1 1
923.5 11513.6 -11.1 323 0 9.4 22.5 10.5 0.0 0 1 3 4 4
757.6 11882.0 -9.4 144 0 18.4 10.0 10.5 3.5 2 0 3 3 3
767.8 11901.5 -9.5 234 0 7.3 18.4 10.5 3.5 2 1 3 0 0
838.4 11943.4 -9.9 322 0 18.7 11.1 17.5 3.5 2 0 5 0 0
736.4 11583.2 -10.7 143 0 6.2 18.6 10.5 0.0 0 1 3 0 0
748.1 11567.9 -10.7 143 0 10.0 18.6 14.0 3.5 2 1 4 1 1
722.2 11596.7 -10.7 144 0 16.3 9.9 10.5 3.5 2 0 3 5 5
741.4 11611.2 -10.7 324 0 16.3 9.9 10.5 3.5 2 0 3 1 1
756.0 11557.0 -10.6 143 0 10.5 20.2 14.0 3.5 2 1 4 5 5
764.5 11546.1 -10.6 143 0 10.5 20.2 14.0 3.5 2 1 4 3 3
