2479.8 -4074.5 -3.4 270 0 59.1 22.7 7.5 2.5 2 0 3 4 4
908.0 -3007.2 -6.4 261 0 65.9 67.0 12.5 0.0 0 1 5 4 4
-1390.7 -11864.1 -13.8 336 0 26.8 65.9 14.0 0.0 0 1 4 2 2
-1486.5 -11665.9 -12.5 336 0 27.0 66.1 10.5 0.0 0 1 3 2 2
-1467.8 -11701.1 -12.9 336 0 27.1 66.2 10.5 0.0 0 1 3 3 3
-1426.2 -11794.8 -12.8 336 0 26.3 65.4 14.0 0.0 0 1 4 1 1
-1504.6 -11627.5 -10.5 336 0 27.7 66.8 10.5 0.0 0 1 3 0 0
-1407.3 -11832.6 -13.4 336 0 26.7 65.7 14.0 0.0 0 1 4 2 2
-1335.4 -11978.2 -13.7 336 0 28.6 67.7 14.0 0.0 0 1 4 1 1
-1318.2 -12014.6 -13.8 336 0 27.4 66.5 14.0 0.0 0 1 4 1 1
-1257.2 -12144.6 -13.5 336 0 29.2 68.2 14.0 0.0 0 1 4 5 5
-1300.5 -12050.2 -13.7 336 0 27.2 66.2 14.0 0.0 0 1 4 5 5
-1242.1 -12183.2 -12.8 336 0 28.1 67.2 14.0 0.0 0 1 4 5 5
-1223.4 -12216.2 -12.5 336 0 30.0 69.1 14.0 0.0 0 1 4 3 3
-1140.1 -12391.4 -15.0 335 0 28.8 69.5 14.0 0.0 0 1 4 2 2
-1155.7 -12354.8 -14.4 335 0 30.0 70.6 14.0 0.0 0 1 4 2 2
-1211.4 -12318.8 -13.6 245 0 71.2 30.6 14.0 0.0 0 0 4 1 1
-1074.1 -12521.2 -15.3 335 0 29.6 70.2 14.0 0.0 0 1 4 5 5
-1091.9 -12484.4 -15.4 335 0 29.5 70.1 14.0 0.0 0 1 4 5 5
-3861.4 -12059.6 -5.9 306 0 62.2 29.9 14.0 0.0 0 0 4 2 2
-3983.5 -11968.6 -6.6 307 0 193.0 29.5 14.0 0.0 0 0 4 3 3
-4139.1 -11869.5 -6.8 218 0 29.6 62.1 14.0 0.0 0 1 4 3 3
-3896.2 -12033.7 -4.8 308 0 25.1 30.2 14.0 0.0 0 0 4 3 3
-4069.7 -11922.4 -6.9 37 0 28.7 25.2 14.0 0.0 0 0 4 2 2
-3543.0 -12303.7 -7.4 307 0 250.8 27.7 14.0 0.0 0 0 4 2 2
-3690.4 -12191.6 -7.2 308 0 62.0 28.0 14.0 0.0 0 0 4 3 3
-3654.5 -12219.4 -7.2 308 0 29.1 27.8 14.0 0.0 0 0 4 4 4
-3434.5 -12385.9 -7.5 309 0 21.9 27.1 14.0 3.5 2 0 4 0 0
-1021.5 -12430.6 -14.5 66 0 26.7 76.2 14.0 0.0 0 1 4 1 1
-913.9 -12333.6 -13.1 335 0 77.3 27.8 14.0 0.0 0 0 4 5 5
-978.7 -12320.7 -13.5 246 0 27.8 77.3 14.0 0.0 0 1 4 4 4
-1013.9 -12340.9 -13.9 246 0 28.0 77.5 14.0 0.0 0 1 4 0 0
-1094.6 -12269.4 -13.3 245 0 25.8 75.3 14.0 0.0 0 1 4 2 2
-1029.3 -12277.4 -12.9 336 0 75.6 26.1 14.0 0.0 0 0 4 1 1
-1175.8 -12102.9 -12.4 65 0 24.7 74.2 10.5 0.0 0 1 3 4 4
-1140.2 -12084.0 -11.7 65 0 24.3 73.8 10.5 0.0 0 1 3 1 1
-1165.6 -12121.9 -12.0 245 0 26.4 75.9 14.0 0.0 0 1 4 2 2
-1104.7 -12066.7 -10.5 65 0 23.8 73.3 10.5 0.0 0 1 3 5 5
-1131.5 -12104.6 -11.6 245 0 25.8 75.3 14.0 0.0 0 1 4 5 5
-1072.0 -12009.8 -10.1 335 0 73.0 23.5 10.5 0.0 0 0 3 0 0
-1317.1 -11525.7 -9.2 245 0 21.5 71.0 14.0 3.5 2 1 4 5 5
-1008.0 -11567.7 -10.0 65 0 21.6 71.1 10.5 3.5 2 1 3 0 0
-1349.3 -11649.2 -10.8 245 0 22.1 71.6 14.0 3.5 2 1 4 0 0
-1115.3 -11617.4 -9.6 65 0 21.4 70.9 10.5 0.0 0 1 3 4 4
-1384.0 -11666.4 -10.8 245 0 23.0 72.5 14.0 0.0 0 1 4 5 5
-1079.0 -11602.6 -9.8 65 0 21.7 71.2 10.5 3.5 2 1 3 0 0
-1313.5 -11634.0 -10.7 245 0 21.6 71.1 14.0 0.0 0 1 4 4 4
-1275.0 -11612.3 -10.4 245 0 21.3 70.8 14.0 0.0 0 1 4 4 4
-1043.6 -11586.4 -9.9 65 0 21.7 71.2 10.5 3.5 2 1 3 3 3
-1325.5 -11608.5 -9.3 65 0 20.8 70.3 14.0 3.5 2 1 4 4 4
-1121.2 -11511.6 -10.1 65 0 21.9 71.4 10.5 3.5 2 1 3 1 1
-1156.9 -11531.2 -9.8 65 0 21.7 71.1 10.5 3.5 2 1 3 0 0
-5156.3 -11153.4 -5.6 230 0 29.5 15.3 14.0 0.0 0 0 4 4 4
-2616.6 -10404.9 -10.2 164 0 81.7 59.2 14.0 0.0 0 0 4 2 2
-5266.7 -11662.7 -9.6 139 0 41.5 34.4 14.0 0.0 0 0 4 4 4
-2771.7 -4679.7 -5.3 158 0 81.7 50.5 14.0 0.0 0 0 4 4 4
2941.9 -1899.9 -6.1 111 0 49.2 73.5 10.5 0.0 0 1 3 3 3
271.6 -2673.2 -3.2 330 0 60.6 28.7 12.5 0.0 0 0 5 5 5
1254.4 -2832.3 -7.4 258 0 24.2 31.1 7.5 0.0 0 1 3 1 1
-4492.3 -11511.6 -2.7 317 0 38.4 23.8 14.0 0.0 0 0 4 2 2
2305.5 -1491.6 -6.5 344 0 8.4 18.5 5.0 0.0 0 1 2 3 3
2245.8 -1788.1 -6.5 359 0 32.1 25.9 12.5 0.0 0 0 5 1 1
-5349.4 -10365.1 0.0 83 0 19.7 26.5 14.0 0.0 0 1 4 4 4
-4354.2 -12445.0 -7.9 141 0 45.1 84.3 10.0 0.0 0 1 4 5 5
-821.2 -12242.2 -8.5 246 0 23.3 76.4 14.0 0.0 0 1 4 2 2
-782.9 -12223.1 -9.0 246 0 24.4 75.7 14.0 0.0 0 1 4 1 1
-749.5 -12208.3 -8.6 244 0 22.3 75.9 14.0 0.0 0 1 4 3 3
-712.8 -12190.2 -7.8 244 0 23.2 77.8 14.0 0.0 0 1 4 4 4
-790.9 -12114.8 -9.3 246 0 26.0 78.7 14.0 0.0 0 1 4 4 4
-754.1 -12098.1 -8.1 245 0 26.5 78.3 14.0 0.0 0 1 4 0 0
-490.0 -12293.6 -6.7 335 0 26.1 66.8 14.0 0.0 0 1 4 3 3
-569.2 -12285.6 -6.5 155 0 27.2 66.9 14.0 0.0 0 1 4 2 2
-560.6 -12223.4 -6.6 245 0 66.8 26.7 14.0 0.0 0 0 4 4 4
-569.0 -12123.4 -7.2 335 0 26.4 68.3 14.0 0.0 0 1 4 0 0
-648.4 -12114.5 -7.6 155 0 27.2 67.6 14.0 0.0 0 1 4 5 5
-665.8 -12078.0 -7.8 155 0 26.3 66.8 14.0 0.0 0 1 4 1 1
-407.0 -12465.1 -9.8 335 0 27.0 66.2 14.0 0.0 0 1 4 4 4
-425.6 -12428.9 -8.9 335 0 24.7 63.9 14.0 3.5 2 1 4 5 5
-476.3 -12394.2 -8.3 244 0 67.1 26.2 14.0 0.0 0 0 4 1 1
-972.7 -11920.0 -8.1 245 0 23.2 70.2 14.0 0.0 0 1 4 4 4
-936.5 -11902.6 -7.6 245 0 25.0 69.1 14.0 0.0 0 1 4 1 1
-899.8 -11885.9 -8.1 245 0 24.2 69.9 14.0 0.0 0 1 4 3 3
-864.3 -11869.8 -8.7 245 0 23.6 68.7 14.0 0.0 0 1 4 1 1
-856.7 -11977.1 -8.4 245 0 24.5 68.5 14.0 0.0 0 1 4 1 1
-821.8 -11958.1 -8.8 245 0 23.5 70.0 14.0 0.0 0 1 4 4 4
-953.5 -11667.8 -9.0 343 0 59.5 37.1 7.0 0.0 0 0 2 4 4
-655.3 -11942.3 -8.3 336 0 22.8 66.2 14.0 0.0 0 1 4 5 5
-672.2 -11907.0 -8.2 336 0 23.7 64.4 14.0 3.5 2 1 4 1 1
-687.5 -11869.6 -7.9 335 0 23.2 68.2 14.0 3.5 2 1 4 5 5
-797.6 -11801.5 -7.3 155 0 24.4 66.0 14.0 0.0 0 1 4 5 5
-754.1 -11737.1 -8.3 336 0 24.8 65.3 14.0 0.0 0 1 4 3 3
-771.7 -11700.4 -8.2 335 0 24.3 65.2 14.0 3.5 2 1 4 2 2
-818.2 -11600.1 -7.0 336 0 22.8 66.4 14.0 3.5 2 1 4 0 0
-835.7 -11563.8 -7.9 335 0 24.2 65.2 14.0 3.5 2 1 4 1 1
-853.1 -11527.8 -9.2 335 0 23.7 65.0 14.0 3.5 2 1 4 3 3
-900.5 -11429.5 -9.0 335 0 24.8 65.0 14.0 0.0 0 1 4 1 1
-917.3 -11394.8 -8.1 336 0 22.9 64.3 14.0 3.5 2 1 4 0 0
-993.6 -11385.9 -7.2 155 0 22.9 65.0 14.0 0.0 0 1 4 2 2
3531.9 -6502.4 -4.8 74 0 37.9 51.1 10.0 0.0 0 1 4 2 2
3483.4 -6337.3 -4.3 73 0 42.8 44.8 10.0 0.0 0 1 4 1 1
3589.6 -6666.2 -4.6 70 0 48.6 39.2 7.5 0.0 0 0 3 0 0
3748.3 -6772.1 -4.2 254 0 43.9 33.2 10.0 0.0 0 0 4 5 5
3776.6 -6602.2 -3.0 77 0 45.3 35.1 7.5 0.0 0 0 3 1 1
4006.9 -6590.6 -5.5 242 0 15.0 10.3 5.0 2.5 2 0 2 4 4
3966.1 -6274.3 -4.8 262 0 23.8 12.6 7.5 2.5 4 0 3 2 2
4666.2 -6304.4 -5.3 172 0 10.5 22.7 5.0 2.5 2 1 2 3 3
4602.3 -6493.6 -8.4 172 0 26.4 32.1 7.5 0.0 0 1 3 3 3
4603.7 -6458.2 -8.2 173 0 30.1 26.4 7.5 0.0 0 0 3 3 3
4599.0 -6420.6 -7.9 172 0 32.0 26.0 7.5 0.0 0 0 3 0 0
4662.0 -6450.3 -8.4 353 0 31.1 25.9 7.5 0.0 0 0 3 0 0
4671.3 -6484.8 -8.5 353 0 26.7 30.8 7.5 0.0 0 1 3 5 5
4657.3 -6412.9 -8.1 352 0 31.7 26.1 7.5 0.0 0 0 3 2 2
4602.1 -6370.7 -7.6 262 0 32.6 26.1 7.5 0.0 0 0 3 0 0
4658.1 -6376.8 -7.6 353 0 26.2 31.6 7.5 0.0 0 1 3 5 5
4580.6 -6426.0 -7.9 263 0 25.8 31.3 7.5 0.0 0 1 3 4 4
4676.8 -6413.4 -8.2 262 0 26.1 31.6 7.5 0.0 0 1 3 5 5
4735.3 -6476.0 -8.7 352 0 26.4 31.0 7.5 0.0 0 1 3 2 2
4726.7 -6441.5 -8.5 353 0 31.8 25.6 7.5 0.0 0 0 3 5 5
4721.5 -6404.0 -7.8 353 0 31.5 25.2 7.5 0.0 0 0 3 2 2
4703.7 -6356.9 -6.8 262 0 31.3 25.9 7.5 0.0 0 0 3 4 4
4684.5 -6346.8 -6.1 82 0 26.0 30.8 7.5 0.0 0 1 3 4 4
4570.9 -6497.5 -8.1 353 0 26.5 31.4 7.5 0.0 0 1 3 4 4
4539.2 -6465.9 -7.6 173 0 31.3 26.1 7.5 0.0 0 0 3 1 1
4559.4 -6425.1 -7.0 352 0 31.1 25.9 7.5 0.0 0 0 3 3 3
4539.1 -6380.4 -6.4 262 0 31.2 25.2 7.5 0.0 0 0 3 5 5
4554.1 -6363.4 -6.1 82 0 26.0 31.6 7.5 0.0 0 1 3 3 3
5053.5 -6308.6 -4.4 174 0 24.0 9.8 7.5 2.5 2 0 3 2 2
5106.1 -6353.6 -5.2 263 0 31.2 25.4 7.5 0.0 0 0 3 4 4
5102.5 -6408.2 -5.2 263 0 25.9 31.3 7.5 0.0 0 1 3 5 5
5132.6 -6402.8 -5.0 262 0 25.6 30.6 7.5 0.0 0 1 3 0 0
5073.8 -6434.1 -5.6 352 0 25.7 32.3 7.5 0.0 0 1 3 4 4
5017.9 -6429.2 -5.7 262 0 31.0 25.0 7.5 0.0 0 0 3 2 2
5050.4 -6403.9 -5.5 353 0 25.6 30.8 7.5 0.0 0 1 3 3 3
5105.0 -6325.7 -4.8 82 0 26.2 31.6 7.5 0.0 0 1 3 1 1
5137.3 -6326.6 -4.9 83 0 26.3 31.4 7.5 0.0 0 1 3 4 4
5163.9 -6377.4 -5.0 353 0 25.8 31.0 7.5 0.0 0 1 3 3 3
5185.9 -6408.2 -4.8 353 0 25.1 31.4 7.5 0.0 0 1 3 2 2
5172.5 -6342.4 -5.0 353 0 26.1 31.4 7.5 0.0 0 1 3 2 2
5187.0 -6306.9 -4.9 352 0 25.4 31.9 7.5 0.0 0 1 3 3 3
5451.2 -6343.4 -3.1 270 0 16.9 11.7 5.0 2.5 2 0 2 3 3
5441.0 -6389.3 -3.9 91 0 31.2 25.4 7.5 0.0 0 0 3 4 4
5402.8 -6397.2 -4.0 89 0 32.0 25.8 7.5 0.0 0 0 3 0 0
5402.5 -6339.9 -3.1 270 0 31.4 25.3 7.5 0.0 0 0 3 4 4
5366.3 -6405.8 -3.7 89 0 26.5 31.0 7.5 0.0 0 1 3 1 1
5351.0 -6355.0 -2.3 171 0 26.9 27.8 7.5 0.0 0 1 3 3 3
5334.4 -6382.1 -3.2 271 0 25.8 30.4 7.5 0.0 0 1 3 1 1
5334.1 -6326.8 -1.8 90 0 26.2 32.3 7.5 0.0 0 1 3 1 1
5366.4 -6326.9 -1.8 90 0 25.8 31.8 7.5 0.0 0 1 3 0 0
5415.2 -6321.2 -1.9 90 0 31.5 25.4 7.5 0.0 0 0 3 4 4
5468.4 -6307.7 -2.0 360 0 26.7 30.7 7.5 0.0 0 1 3 5 5
4900.6 -6419.3 -6.7 263 0 26.2 31.1 7.5 0.0 0 1 3 2 2
4920.6 -6425.0 -6.2 172 0 31.1 26.0 7.5 0.0 0 0 3 1 1
4979.1 -6416.6 -5.8 353 0 31.2 26.1 7.5 0.0 0 0 3 1 1
4910.9 -6371.4 -5.9 263 0 25.6 31.3 7.5 0.0 0 1 3 1 1
4957.6 -6381.4 -5.5 353 0 31.2 25.5 7.5 0.0 0 0 3 1 1
4888.8 -6326.0 -5.5 263 0 25.4 30.5 7.5 0.0 0 1 3 2 2
4921.9 -6331.1 -5.2 262 0 25.8 31.0 7.5 0.0 0 1 3 4 4
4969.5 -6341.3 -4.9 354 0 30.6 25.6 7.5 0.0 0 0 3 5 5
4699.0 -6281.0 -4.6 262 0 14.2 15.4 5.0 0.0 0 1 2 0 0
4290.0 -6595.4 -7.7 172 0 31.7 25.4 7.5 0.0 0 0 3 5 5
4253.4 -6607.8 -7.7 173 0 25.7 31.3 7.5 0.0 0 1 3 1 1
4246.0 -6545.0 -7.7 173 0 25.0 30.9 7.5 0.0 0 1 3 3 3
4285.4 -6556.6 -7.7 173 0 24.9 30.8 7.5 0.0 0 1 3 2 2
4348.4 -6551.8 -7.7 353 0 31.3 25.7 7.5 0.0 0 0 3 5 5
4354.8 -6590.3 -8.1 353 0 26.1 32.3 7.5 0.0 0 1 3 0 0
4370.7 -6547.9 -8.4 82 0 26.0 31.0 7.5 0.0 0 1 3 3 3
4165.8 -6901.7 -9.7 82 0 6.2 23.5 7.5 2.5 2 1 3 5 5
4192.2 -6894.9 -9.6 82 0 31.6 24.3 7.5 0.0 0 0 3 3 3
4228.5 -6883.3 -9.2 82 0 30.7 25.7 7.5 0.0 0 0 3 3 3
4216.9 -6826.2 -9.0 262 0 31.8 26.4 7.5 0.0 0 0 3 1 1
4098.2 -6841.4 -9.6 266 0 17.4 10.8 7.5 2.5 2 0 3 4 4
4085.9 -6906.5 -9.6 172 0 26.7 31.3 5.0 0.0 0 1 2 1 1
4083.0 -6873.9 -9.6 173 0 26.0 31.5 7.5 0.0 0 1 3 5 5
4141.3 -6908.8 -9.7 82 0 31.0 26.0 7.5 0.0 0 0 3 3 3
4159.4 -7199.2 -8.9 262 0 25.7 32.0 7.5 0.0 0 1 3 0 0
4195.4 -7207.6 -8.7 262 0 32.0 26.4 7.5 0.0 0 0 3 1 1
4102.5 -7152.8 -8.4 351 0 26.1 12.7 10.0 2.5 2 0 4 0 0
4097.8 -7126.5 -8.2 341 0 13.7 19.4 10.0 2.5 2 1 4 1 1
4157.0 -7179.8 -8.1 83 0 25.8 30.8 7.5 0.0 0 1 3 4 4
4147.5 -7111.2 -7.9 263 0 26.3 32.1 7.5 0.0 0 1 3 4 4
4185.3 -7144.0 -8.5 263 0 26.4 31.5 7.5 0.0 0 1 3 1 1
4092.9 -7104.1 -9.2 83 0 31.7 26.8 7.5 0.0 0 0 3 1 1
4103.5 -7056.1 -9.7 353 0 25.2 31.5 7.5 0.0 0 1 3 5 5
4099.2 -7022.6 -9.7 352 0 24.6 31.2 7.5 0.0 0 1 3 4 4
4159.6 -7083.8 -9.0 75 0 30.8 26.5 7.5 0.0 0 0 3 0 0
4132.5 -7043.4 -9.1 165 0 25.5 31.8 7.5 0.0 0 1 3 4 4
4123.6 -7012.2 -8.7 165 0 25.4 31.0 7.5 0.0 0 1 3 1 1
4515.5 -7212.6 -10.3 276 0 13.0 25.8 7.5 2.5 2 1 3 0 0
4398.7 -7234.3 -9.7 348 0 15.7 22.0 7.5 2.5 2 1 3 1 1
4296.2 -7199.1 -9.2 166 0 26.5 30.9 7.5 0.0 0 1 3 2 2
4300.1 -7152.0 -9.3 255 0 31.6 25.2 7.5 0.0 0 0 3 1 1
4352.0 -7198.8 -9.7 74 0 32.2 26.1 7.5 0.0 0 0 3 4 4
4336.7 -7140.8 -9.9 254 0 31.8 26.2 7.5 0.0 0 0 3 3 3
4331.9 -7116.8 -10.0 74 0 32.3 26.8 7.5 0.0 0 0 3 4 4
4275.4 -7119.9 -9.5 165 0 26.0 31.2 7.5 0.0 0 1 3 4 4
4278.9 -7069.5 -9.7 255 0 31.6 28.1 7.5 0.0 0 0 3 5 5
4316.0 -7061.5 -9.9 256 0 31.2 27.1 7.5 0.0 0 0 3 0 0
4253.7 -7040.2 -9.9 164 0 26.8 32.2 7.5 0.0 0 1 3 5 5
4258.2 -6992.1 -9.9 255 0 32.8 25.5 7.5 0.0 0 0 3 5 5
4309.3 -7038.7 -9.9 75 0 31.3 25.7 7.5 0.0 0 0 3 5 5
4295.0 -6981.8 -9.8 255 0 31.6 26.2 7.5 0.0 0 0 3 2 2
4031.3 -6319.7 -5.6 270 0 30.8 25.5 7.5 0.0 0 0 3 0 0
4040.1 -6419.1 -6.0 270 0 25.6 29.7 7.5 0.0 0 1 3 1 1
4059.5 -6433.5 -6.2 180 0 31.8 25.4 7.5 0.0 0 0 3 3 3
4106.3 -6396.6 -6.6 360 0 25.8 31.3 7.5 0.0 0 1 3 4 4
4108.7 -6417.3 -6.4 270 0 32.5 25.8 7.5 0.0 0 0 3 3 3
4146.6 -6412.0 -6.7 270 0 30.5 26.9 7.5 0.0 0 0 3 3 3
4070.4 -6351.9 -6.2 270 0 31.4 25.8 7.5 0.0 0 0 3 1 1
4019.8 -6365.7 -5.9 180 0 31.3 25.8 7.5 0.0 0 0 3 1 1
4089.5 -6318.8 -5.8 269 0 31.7 25.7 7.5 0.0 0 0 3 3 3
4147.2 -6320.3 -6.4 270 0 31.6 24.3 7.5 0.0 0 0 3 4 4
4162.4 -6365.2 -7.0 360 0 31.7 26.3 7.5 0.0 0 0 3 1 1
4108.9 -6351.1 -6.7 270 0 31.1 25.5 7.5 0.0 0 0 3 4 4
4178.7 -6389.6 -6.9 181 0 25.6 29.8 7.5 0.0 0 1 3 1 1
4194.0 -6345.3 -6.5 271 0 31.0 24.6 7.5 0.0 0 0 3 4 4
4228.9 -6422.9 -6.8 90 0 25.8 30.9 7.5 0.0 0 1 3 5 5
4231.3 -6361.6 -6.5 271 0 31.0 25.3 7.5 0.0 0 0 3 4 4
4267.0 -6360.0 -6.4 270 0 25.5 31.4 7.5 0.0 0 1 3 2 2
4278.4 -6411.1 -6.9 360 0 26.1 30.2 7.5 0.0 0 1 3 1 1
4317.4 -6391.3 -6.1 1 0 25.8 30.8 7.5 0.0 0 1 3 5 5
4302.0 -6347.8 -6.3 271 0 29.7 24.0 7.5 0.0 0 0 3 5 5
4329.7 -6428.6 -6.8 353 0 15.5 145.0 12.5 0.0 0 1 5 2 2
4171.5 -6447.7 -6.5 352 0 14.5 142.0 10.0 0.0 0 1 4 3 3
4005.7 -6301.8 -5.5 180 0 15.8 141.9 7.5 0.0 0 1 3 4 4
4076.0 -6274.4 -5.1 270 0 142.2 13.5 10.0 0.0 0 0 4 4 4
3971.7 -6385.7 -5.5 173 0 190.8 14.3 5.0 0.0 0 0 2 0 0
4006.1 -6380.8 -5.6 352 0 189.3 14.3 5.0 0.0 0 0 2 1 1
4338.3 -6360.4 -6.7 173 0 141.1 13.7 10.0 0.0 0 0 4 3 3
4371.7 -6356.2 -6.5 353 0 140.7 13.4 7.5 0.0 0 0 3 3 3
4379.4 -6277.1 -6.0 263 0 14.3 138.9 7.5 0.0 0 1 3 1 1
4092.9 -6686.4 -6.5 172 0 25.0 30.7 7.5 0.0 0 1 3 0 0
4092.7 -6656.0 -6.0 173 0 25.0 31.1 7.5 0.0 0 1 3 0 0
4088.5 -6622.5 -5.6 173 0 25.1 31.2 7.5 0.0 0 1 3 1 1
4094.1 -6575.6 -5.8 262 0 31.7 25.6 7.5 0.0 0 0 3 4 4
4158.1 -6668.4 -6.2 354 0 31.7 25.8 7.5 0.0 0 0 3 4 4
4178.1 -6666.6 -6.4 172 0 31.9 26.3 7.5 0.0 0 0 3 5 5
4162.1 -6613.6 -6.7 263 0 25.9 31.9 7.5 0.0 0 1 3 3 3
4148.8 -6592.6 -7.2 353 0 30.9 25.8 7.5 0.0 0 0 3 1 1
4180.8 -6573.1 -7.9 262 0 26.9 30.8 7.5 0.0 0 1 3 4 4
4247.1 -6667.3 -7.2 351 0 25.0 31.2 7.5 0.0 0 1 3 0 0
4238.1 -6636.4 -7.6 353 0 25.2 31.0 7.5 0.0 0 1 3 1 1
4235.5 -6603.2 -7.6 353 0 25.6 31.3 7.5 0.0 0 1 3 3 3
4218.9 -6559.0 -7.9 262 0 31.6 25.7 7.5 0.0 0 0 3 4 4
4206.6 -6743.1 -7.4 82 0 89.9 13.0 10.0 0.0 0 0 4 4 4
4202.1 -6708.5 -6.8 262 0 92.1 13.8 5.0 2.5 2 0 2 0 0
4015.0 -6761.0 -8.3 172 0 15.0 130.1 12.5 0.0 0 1 5 4 4
4011.0 -6741.1 -7.9 172 0 14.2 130.0 12.5 0.0 0 1 5 4 4
3992.2 -6570.0 -7.6 173 0 13.4 131.4 10.0 0.0 0 1 4 0 0
4053.7 -6534.4 -7.4 262 0 131.7 13.0 17.5 0.0 0 0 7 0 0
4185.6 -6552.2 -7.9 82 0 91.3 14.5 7.5 2.5 2 0 3 3 3
4181.0 -6517.7 -7.4 262 0 90.8 13.6 10.0 2.5 2 0 4 5 5
4327.2 -6626.8 -8.5 79 0 131.0 13.6 10.0 0.0 0 0 4 1 1
4310.3 -6501.2 -7.3 262 0 130.2 13.7 7.5 0.0 0 0 3 4 4
4038.5 -6849.7 -9.6 262 0 14.5 71.1 7.5 2.5 2 1 3 4 4
4070.4 -6880.5 -9.6 353 0 70.0 13.2 10.0 2.5 2 0 4 0 0
4265.3 -6816.8 -8.5 255 0 14.4 41.6 10.0 2.5 4 1 4 5 5
4285.1 -6810.2 -8.3 255 0 13.4 43.2 7.5 2.5 2 1 3 5 5
4320.8 -6953.4 -9.8 345 0 12.0 89.1 7.5 2.5 2 1 3 3 3
4269.6 -6937.5 -9.8 255 0 89.5 14.5 12.5 2.5 4 0 5 4 4
4186.8 -7037.4 -9.4 345 0 104.7 14.2 5.0 2.5 2 0 2 3 3
4378.4 -7164.9 -10.2 345 0 65.8 14.2 7.5 2.5 2 0 3 2 2
4343.7 -7049.1 -10.0 255 0 14.0 68.0 7.5 2.5 2 1 3 0 0
4338.3 -7001.0 -9.6 345 0 67.4 14.0 12.5 2.5 2 0 5 5 5
4347.4 -7219.8 -9.8 255 0 88.5 13.8 10.0 2.5 2 0 4 4 4
4120.7 -7114.6 -8.1 262 0 15.5 69.1 7.5 2.5 2 1 3 3 3
4132.6 -7203.5 -8.9 261 0 15.9 32.0 7.5 2.5 2 1 3 1 1
4178.4 -7256.1 -8.9 90 0 91.8 16.2 10.0 2.5 2 0 4 3 3
4225.6 -7187.8 -8.3 255 0 14.7 68.0 7.5 0.0 0 1 3 3 3
4218.6 -7136.1 -8.8 345 0 67.1 13.3 10.0 2.5 4 0 4 2 2
4051.5 -7061.6 -9.8 173 0 90.9 16.4 12.5 2.5 2 0 5 4 4
4103.8 -6980.7 -9.6 255 0 113.8 13.6 10.0 2.5 2 0 4 5 5
5343.6 -6273.7 -1.4 270 0 41.7 13.6 7.5 2.5 2 0 3 5 5
5391.8 -6273.5 -1.0 269 0 42.8 14.6 7.5 2.5 2 0 3 4 4
5440.7 -6273.8 -0.8 269 0 41.6 13.6 7.5 2.5 2 0 3 0 0
5505.2 -6377.1 -2.3 78 0 34.3 13.5 10.0 2.5 2 0 4 3 3
5531.1 -6274.3 -0.4 271 0 14.7 92.7 10.0 2.5 4 1 4 1 1
5558.3 -6273.9 -0.1 270 0 14.1 93.4 7.5 2.5 2 1 3 2 2
5578.1 -6274.6 -0.1 271 0 13.6 81.7 10.0 2.5 4 1 4 3 3
5606.5 -6275.7 -0.2 271 0 13.6 80.6 7.5 2.5 2 1 3 1 1
5632.1 -6322.2 -0.2 1 0 42.8 13.7 10.0 2.5 2 0 4 0 0
5023.7 -6274.9 -3.8 272 0 9.9 8.1 5.0 2.5 4 0 2 2 2
5078.5 -6457.4 -6.0 349 0 14.4 71.5 10.0 2.5 2 1 4 4 4
5186.4 -6435.4 -5.1 348 0 14.6 91.8 12.5 2.5 4 1 5 4 4
5139.5 -6273.6 -4.2 270 0 91.1 13.5 12.5 2.5 2 0 5 3 3
4962.8 -6297.9 -5.2 360 0 13.9 91.5 10.0 2.5 2 1 4 2 2
4913.9 -6273.0 -4.6 270 0 91.9 13.0 10.0 2.5 2 0 4 1 1
4842.1 -6274.3 -6.4 262 0 14.3 118.7 10.0 0.0 0 1 4 0 0
4822.5 -6277.7 -6.9 263 0 14.2 118.7 10.0 0.0 0 1 4 5 5
4839.6 -6465.2 -8.0 173 0 91.2 15.6 10.0 2.5 2 0 4 5 5
4859.9 -6409.6 -7.6 263 0 14.7 92.1 10.0 2.5 2 1 4 0 0
4938.0 -6460.8 -7.1 258 0 90.9 13.6 10.0 2.5 2 0 4 4 4
4986.2 -6476.6 -7.4 348 0 14.2 91.9 10.0 2.5 2 1 4 4 4
4716.3 -6317.7 -5.6 353 0 40.2 13.2 10.0 2.5 4 0 4 0 0
4732.0 -6279.0 -7.5 262 0 13.6 139.5 10.0 0.0 0 1 4 4 4
4752.6 -6276.9 -7.2 262 0 14.7 139.3 10.0 0.0 0 1 4 0 0
4754.9 -6436.7 -8.6 263 0 13.8 90.8 10.0 2.5 4 1 4 3 3
4785.8 -6479.0 -8.7 353 0 91.1 12.5 7.5 2.5 2 0 3 5 5
4609.0 -6277.5 -5.7 271 0 10.9 8.7 7.5 2.5 2 0 3 1 1
4639.1 -6523.9 -8.7 258 0 189.0 13.3 10.0 0.0 0 0 4 5 5
4516.6 -6275.0 -5.3 263 0 12.8 92.2 7.5 2.5 2 1 3 2 2
4481.4 -6389.0 -8.6 262 0 13.9 188.7 10.0 0.0 0 1 4 3 3
4520.7 -6483.6 -8.8 352 0 188.9 13.6 10.0 0.0 0 0 4 2 2
4467.4 -6277.4 -5.8 263 0 14.9 92.0 12.5 2.5 2 1 5 0 0
4486.5 -6276.7 -5.5 263 0 13.3 89.5 7.5 2.5 2 1 3 1 1
4403.9 -6486.4 -8.8 262 0 13.5 92.5 10.0 2.5 2 1 4 3 3
4438.9 -6547.5 -9.0 353 0 91.9 13.3 7.5 2.5 4 0 3 5 5
4204.1 -6278.1 -5.3 270 0 15.0 8.0 7.5 2.5 2 0 3 4 4
4043.3 -6580.2 -5.2 262 0 18.7 12.0 7.5 0.0 0 0 3 2 2
4364.0 -7248.1 -9.4 78 0 19.7 10.6 7.5 2.5 4 0 3 2 2
5313.5 -6250.7 -1.1 247 0 9.5 9.8 7.5 2.5 2 1 3 4 4
3816.5 -6396.2 -5.3 74 0 30.3 24.7 7.5 0.0 0 0 3 3 3
3760.0 -6413.0 -4.8 72 0 32.1 27.1 7.5 0.0 0 0 3 4 4
3702.0 -6431.1 -4.7 73 0 31.7 26.4 7.5 0.0 0 0 3 2 2
3673.6 -6392.9 -3.9 164 0 25.2 30.1 7.5 0.0 0 1 3 4 4
3728.4 -6389.5 -4.4 73 0 30.5 25.1 7.5 0.0 0 0 3 2 2
3697.9 -6351.3 -4.0 163 0 24.3 31.9 7.5 0.0 0 1 3 5 5
3656.8 -6346.7 -3.6 162 0 26.1 31.5 7.5 0.0 0 1 3 3 3
3647.2 -6316.1 -3.3 165 0 24.7 30.7 7.5 0.0 0 1 3 1 1
3784.5 -6324.2 -4.5 344 0 26.3 31.8 7.5 0.0 0 1 3 3 3
3770.0 -6376.4 -4.8 73 0 30.5 25.1 7.5 0.0 0 0 3 4 4
3805.3 -6315.7 -4.6 73 0 31.3 25.3 7.5 0.0 0 0 3 4 4
3799.6 -6342.6 -5.1 254 0 30.3 24.1 7.5 0.0 0 0 3 3 3
3646.7 -6388.9 -3.5 71 0 14.2 118.0 7.5 0.0 0 1 3 1 1
3628.3 -6395.8 -3.4 71 0 13.7 119.6 10.0 0.0 0 1 4 2 2
3663.2 -6492.9 -4.6 71 0 13.3 92.5 10.0 2.5 2 1 4 4 4
3678.5 -6486.6 -5.1 71 0 14.2 78.9 15.0 0.0 0 1 6 4 4
3762.1 -6420.7 -5.4 253 0 140.7 13.8 5.0 0.0 0 0 2 3 3
3837.9 -6426.8 -5.6 344 0 14.2 141.2 10.0 0.0 0 1 4 2 2
3848.5 -6353.1 -5.1 173 0 137.8 14.9 7.5 0.0 0 0 3 2 2
3882.2 -6349.5 -5.4 353 0 138.0 12.3 10.0 0.0 0 0 4 4 4
2997.3 -7427.2 -9.5 2 0 10.9 22.6 5.0 2.5 2 1 2 2 2
2896.3 -7137.7 -8.8 178 0 13.1 24.0 7.5 2.5 2 1 3 5 5
2890.1 -7121.1 -8.8 177 0 11.4 17.8 7.5 2.5 2 1 3 3 3
5122.5 -7186.0 -12.2 264 0 19.1 14.7 7.5 2.5 2 0 3 5 5
5110.0 -7215.1 -12.7 181 0 22.1 25.3 7.5 0.0 0 1 3 1 1
4887.8 -7216.4 -10.6 275 0 17.9 12.4 5.0 2.5 2 0 2 5 5
4862.8 -7216.4 -10.5 260 0 16.1 15.3 7.5 2.5 2 0 3 0 0
4651.5 -7835.4 -10.0 22 0 32.8 37.4 7.5 0.0 0 1 3 5 5
4755.5 -7871.9 -9.9 20 0 29.7 25.2 10.0 0.0 0 0 4 1 1
4606.8 -7994.8 -8.7 90 0 28.0 32.7 7.5 0.0 0 1 3 3 3
4240.9 -7559.1 -9.4 293 0 44.7 39.1 10.0 0.0 0 0 4 5 5
4447.0 -7467.2 -8.4 289 0 21.6 28.5 12.5 0.0 0 1 5 1 1
3962.3 -7975.3 -8.2 268 0 51.3 38.3 10.0 0.0 0 0 4 0 0
2594.4 -7288.8 -8.1 92 0 19.1 14.3 7.5 2.5 2 0 3 1 1
2625.0 -7222.7 -9.4 271 0 25.4 12.1 10.0 0.0 0 0 4 4 4
2764.4 -7096.9 -10.0 270 0 14.2 141.5 10.0 0.0 0 1 4 3 3
2950.2 -7267.0 -9.0 360 0 13.5 189.3 10.0 0.0 0 1 4 2 2
2948.3 -7285.1 -9.1 0 0 15.1 189.5 10.0 0.0 0 1 4 4 4
2920.6 -7241.5 -8.9 90 0 44.7 14.3 10.0 2.5 2 0 4 4 4
2788.5 -7243.2 -8.5 90 0 26.0 31.0 7.5 0.0 0 1 3 5 5
2801.3 -7190.3 -9.4 1 0 32.2 25.7 7.5 0.0 0 0 3 5 5
2800.4 -7151.5 -10.1 1 0 31.5 24.9 7.5 0.0 0 0 3 5 5
2788.9 -7097.1 -9.9 270 0 25.9 31.0 7.5 0.0 0 1 3 0 0
2822.3 -7097.3 -9.2 271 0 26.0 31.4 7.5 0.0 0 1 3 1 1
2853.1 -7096.5 -8.8 270 0 25.8 32.1 7.5 0.0 0 1 3 3 3
2820.9 -7154.1 -9.1 269 0 25.9 31.1 7.5 0.0 0 1 3 5 5
2821.2 -7212.7 -8.5 271 0 26.5 30.7 7.5 0.0 0 1 3 0 0
2852.8 -7211.8 -8.7 269 0 25.7 30.8 7.5 0.0 0 1 3 0 0
2873.4 -7187.1 -8.6 359 0 26.2 32.0 7.5 0.0 0 1 3 1 1
2856.9 -7143.0 -8.6 270 0 31.5 24.4 7.5 0.0 0 0 3 3 3
2949.3 -7089.1 -9.3 270 0 5.1 21.5 7.5 0.0 0 1 3 4 4
2907.5 -7369.5 -8.9 270 0 5.4 21.7 7.5 0.0 0 1 3 3 3
2757.6 -7376.2 -10.0 268 0 14.0 12.3 2.5 2.5 2 0 1 0 0
2776.8 -7367.9 -9.9 270 0 8.4 23.7 7.5 2.5 2 1 3 0 0
2691.1 -7367.7 -10.1 271 0 21.0 4.1 2.5 2.5 4 0 1 2 2
2678.0 -7487.5 -10.3 271 0 30.1 23.3 7.5 0.0 0 0 3 1 1
2951.7 -7230.6 -9.0 0 0 22.6 5.4 2.5 2.5 2 0 1 2 2
2854.6 -7082.6 -9.8 89 0 188.6 14.4 12.5 0.0 0 0 5 0 0
2755.0 -7058.7 -9.6 178 0 13.0 191.6 10.0 0.0 0 1 4 4 4
3338.5 -7656.4 -10.5 86 0 36.6 20.5 10.0 0.0 0 0 4 0 0
4982.8 -6273.4 -4.0 261 0 4.8 20.5 5.0 2.5 2 1 2 5 5
5888.4 -6463.6 -1.0 90 0 23.0 19.5 10.0 2.5 4 0 4 3 3
2007.0 -5462.2 -1.5 360 0 5.5 31.8 7.5 0.0 0 1 3 3 3
2006.5 -5447.1 -1.6 0 0 20.0 12.3 10.0 2.5 2 0 4 4 4
1997.9 -5413.5 -1.8 255 0 15.2 14.2 7.5 2.5 2 0 3 5 5
1721.1 -5504.2 -2.3 161 0 13.2 13.5 5.0 2.5 2 1 2 4 4
1719.4 -5528.9 -2.1 178 0 26.0 14.5 10.0 2.5 2 0 4 2 2
1842.0 -5505.9 -2.3 3 0 21.3 5.4 5.0 2.5 2 0 2 5 5
1965.8 -5346.4 -3.3 181 0 31.5 25.6 7.5 0.0 0 0 3 4 4
1967.1 -5308.1 -3.4 182 0 29.5 25.0 7.5 0.0 0 0 3 0 0
2043.6 -5362.7 -2.0 91 0 24.3 30.7 7.5 0.0 0 1 3 1 1
2011.5 -5362.9 -2.7 90 0 25.3 30.6 7.5 0.0 0 1 3 5 5
2044.8 -5294.1 -1.5 270 0 25.5 31.7 7.5 0.0 0 1 3 3 3
2012.7 -5292.9 -2.6 271 0 25.8 31.9 7.5 0.0 0 1 3 3 3
2068.0 -5415.6 -1.8 263 0 39.6 42.7 7.5 0.0 0 1 3 0 0
1888.1 -5024.2 -5.1 181 0 23.3 10.9 7.5 2.5 2 0 3 1 1
1977.2 -4988.6 -4.6 270 0 31.0 6.1 7.5 2.5 2 0 3 5 5
2010.8 -5001.1 -4.6 339 0 13.9 16.7 5.0 2.5 2 1 2 4 4
1710.5 -5033.6 -3.1 91 0 23.7 12.0 7.5 2.5 2 0 3 2 2
1707.5 -4986.8 -3.2 254 0 16.3 14.4 5.0 2.5 2 0 2 1 1
1723.3 -4988.5 -3.2 270 0 4.8 19.8 5.0 2.5 2 1 2 0 0
1508.6 -6086.6 -1.7 331 0 10.6 19.2 2.5 2.5 2 1 1 4 4
1611.3 -6143.0 -3.1 181 0 25.4 31.1 7.5 0.0 0 1 3 4 4
1288.3 -6223.0 -2.6 271 0 22.8 13.4 10.0 2.5 2 0 4 4 4
1322.1 -6222.3 -2.4 271 0 16.8 14.1 10.0 2.5 2 0 4 5 5
815.0 -6217.6 -4.5 11 0 14.9 32.8 7.5 0.0 0 1 3 1 1
743.7 -6187.8 -3.4 180 0 11.2 17.0 7.5 2.5 4 1 3 4 4
663.8 -6128.4 -3.3 2 0 31.0 24.7 7.5 0.0 0 0 3 1 1
629.3 -5930.3 -4.3 88 0 18.1 12.0 7.5 0.0 0 0 3 5 5
707.2 -5903.7 -3.1 178 0 25.5 31.5 7.5 0.0 0 1 3 0 0
1345.0 -5888.9 -3.3 358 0 14.2 12.8 10.0 2.5 2 0 4 2 2
1453.1 -5571.0 -1.2 358 0 33.1 31.4 7.5 0.0 0 0 3 1 1
1177.7 -5444.2 -2.1 268 0 28.2 35.7 10.0 0.0 0 1 4 5 5
-4374.4 -4828.8 -5.0 154 0 27.0 15.3 10.5 3.5 2 0 3 0 0
-2576.8 -1750.9 -11.4 263 0 29.6 42.7 14.0 0.0 0 1 4 1 1
4427.6 -1928.0 -5.5 253 0 29.2 41.2 7.5 0.0 0 1 3 0 0
1489.9 -5190.0 -3.1 360 0 271.9 161.4 10.0 0.0 0 0 4 2 2
-671.8 -1695.7 -7.9 72 0 19.0 30.0 7.5 2.5 2 1 3 3 3
-300.4 -2392.2 -6.0 167 0 39.5 32.6 10.0 0.0 0 0 4 2 2
100.1 -2616.3 -2.0 348 0 32.0 20.5 10.0 0.0 0 0 4 5 5
1501.2 -2033.7 -3.9 352 0 36.7 36.5 10.0 0.0 0 0 4 3 3
-383.7 -2230.6 -4.2 265 0 17.0 20.6 10.0 0.0 0 1 4 3 3
-7.2 -2197.5 -2.9 352 0 24.4 15.2 5.0 2.5 2 0 2 4 4
287.1 -1627.9 -1.2 268 0 31.1 21.6 7.5 0.0 0 0 3 1 1
577.9 -1230.3 -6.0 344 0 25.2 16.0 10.0 2.5 2 0 4 4 4
1687.6 -3194.9 -8.0 343 0 19.6 19.4 7.5 2.5 2 0 3 0 0
1368.8 -3187.7 -7.9 83 0 33.0 26.3 7.5 0.0 0 0 3 5 5
1347.0 -2826.2 -6.9 257 0 18.1 24.2 7.5 2.5 2 1 3 5 5
94.1 -3232.1 -3.4 70 0 19.7 33.5 7.5 0.0 0 1 3 0 0
2547.9 -7192.2 -9.1 359 0 25.7 30.2 7.5 0.0 0 1 3 0 0
2527.9 -7142.5 -8.9 270 0 26.9 30.8 10.0 0.0 0 1 4 4 4
2562.7 -7171.7 -9.2 90 0 26.9 30.4 7.5 0.0 0 1 3 2 2
2614.4 -7192.0 -9.4 1 0 25.8 30.4 7.5 0.0 0 1 3 5 5
2598.9 -7140.4 -9.4 271 0 25.3 31.1 7.5 0.0 0 1 3 4 4
2634.7 -7171.9 -9.8 90 0 26.0 30.8 7.5 0.0 0 1 3 4 4
2648.8 -7190.6 -10.2 181 0 26.1 30.8 7.5 0.0 0 1 3 2 2
2667.3 -7140.7 -10.1 270 0 25.1 30.8 7.5 0.0 0 1 3 2 2
2590.0 -7118.8 -9.5 359 0 30.7 26.6 7.5 0.0 0 0 3 2 2
2542.5 -7103.6 -9.5 270 0 26.6 31.8 7.5 0.0 0 1 3 1 1
2620.9 -7103.7 -9.5 270 0 25.4 30.8 7.5 0.0 0 1 3 4 4
2652.9 -7102.1 -9.8 270 0 25.5 32.4 7.5 0.0 0 1 3 1 1
2700.7 -7177.7 -10.1 360 0 40.6 13.3 7.5 2.5 2 0 3 3 3
2702.2 -7128.4 -10.1 1 0 42.8 14.1 7.5 0.0 0 0 3 3 3
2674.2 -7223.6 -10.2 271 0 13.8 69.9 12.5 2.5 2 1 5 4 4
2700.6 -7258.7 -10.2 1 0 70.7 14.1 7.5 2.5 2 0 3 0 0
2507.3 -7221.8 -9.1 268 0 14.1 70.2 7.5 2.5 4 1 3 2 2
2535.8 -7255.3 -9.0 358 0 70.5 15.1 15.0 0.0 0 0 6 1 1
2494.0 -7174.5 -8.6 176 0 40.6 14.4 12.5 2.5 2 0 5 3 3
2500.4 -7104.4 -8.3 271 0 14.8 42.3 15.0 0.0 0 1 6 4 4
2543.4 -7050.3 -10.0 269 0 91.3 13.8 10.0 2.5 2 0 4 0 0
2590.0 -7073.4 -9.7 358 0 13.4 93.2 7.5 2.5 2 1 3 4 4
2601.5 -7083.4 -9.9 178 0 15.5 91.5 15.0 0.0 0 1 6 0 0
2600.0 -7063.7 -9.8 179 0 12.4 90.9 7.5 2.5 2 1 3 4 4
2639.5 -7561.0 -9.4 243 0 26.0 30.2 7.5 0.0 0 1 3 2 2
2670.6 -7628.9 -9.4 91 0 26.2 31.9 7.5 0.0 0 1 3 2 2
2701.7 -7626.3 -9.8 91 0 25.4 31.9 7.5 0.0 0 1 3 0 0
2749.1 -7612.4 -10.1 1 0 32.4 26.9 7.5 0.0 0 0 3 4 4
2686.9 -7557.3 -9.9 272 0 24.9 30.6 7.5 0.0 0 1 3 2 2
2674.5 -7534.9 -10.2 180 0 30.5 25.9 7.5 0.0 0 0 3 4 4
2732.2 -7533.9 -10.5 360 0 31.2 25.4 7.5 0.0 0 0 3 4 4
2732.4 -7571.3 -10.4 0 0 31.9 26.0 7.5 0.0 0 0 3 2 2
2748.3 -7498.5 -10.6 1 0 25.4 31.3 7.5 0.0 0 1 3 5 5
2729.5 -7463.3 -10.6 90 0 31.1 24.9 7.5 0.0 0 0 3 3 3
2695.1 -7467.7 -10.5 91 0 26.5 30.5 7.5 0.0 0 1 3 3 3
2766.0 -7466.7 -10.4 91 0 26.8 30.5 7.5 0.0 0 1 3 4 4
2953.0 -7493.4 -9.9 91 0 25.8 31.1 7.5 0.0 0 1 3 3 3
2920.1 -7557.4 -10.5 91 0 25.3 31.2 7.5 0.0 0 1 3 1 1
2920.8 -7588.7 -10.7 270 0 26.6 30.4 7.5 0.0 0 1 3 2 2
2920.0 -7493.2 -9.8 90 0 25.0 31.2 7.5 0.0 0 1 3 3 3
2899.5 -7569.2 -10.3 0 0 31.4 25.3 7.5 0.0 0 0 3 5 5
2887.0 -7621.9 -10.4 90 0 25.8 30.3 7.5 0.0 0 1 3 3 3
2953.0 -7589.2 -11.0 270 0 25.5 30.3 7.5 0.0 0 1 3 4 4
2997.6 -7607.4 -11.4 359 0 30.3 25.0 7.5 0.0 0 0 3 0 0
2985.4 -7576.0 -11.0 90 0 26.1 31.7 7.5 0.0 0 1 3 3 3
2998.6 -7523.1 -10.5 1 0 30.3 25.9 7.5 0.0 0 0 3 0 0
2952.9 -7556.4 -10.6 91 0 25.3 31.2 7.5 0.0 0 1 3 2 2
2901.1 -7511.6 -10.1 0 0 31.7 26.1 7.5 0.0 0 0 3 0 0
2887.8 -7459.2 -9.6 270 0 26.4 29.8 7.5 0.0 0 1 3 3 3
2985.1 -7459.2 -10.0 270 0 26.4 30.4 7.5 0.0 0 1 3 5 5
3038.0 -7235.8 -9.4 270 0 15.0 108.5 10.0 0.0 0 1 4 1 1
3024.2 -7528.0 -11.5 271 0 14.4 139.4 10.0 0.0 0 1 4 5 5
3051.8 -7593.2 -11.7 0 0 138.0 14.8 10.0 0.0 0 0 4 5 5
3052.0 -7438.1 -10.9 0 0 141.0 14.7 12.5 0.0 0 0 5 1 1
3023.8 -7368.5 -10.4 271 0 14.5 140.5 12.5 0.0 0 1 5 2 2
2861.3 -7455.7 -9.9 270 0 14.4 163.3 7.5 0.0 0 1 3 3 3
3000.2 -7644.3 -11.5 358 0 14.2 142.6 12.5 0.0 0 1 5 2 2
2998.9 -7663.2 -11.5 359 0 13.8 141.1 10.0 0.0 0 1 4 4 4
2862.5 -7369.4 -9.4 271 0 13.9 68.6 7.5 2.5 2 1 3 4 4
2890.6 -7403.0 -9.3 1 0 69.3 14.7 7.5 2.5 2 0 3 0 0
2589.3 -6503.0 -7.8 248 0 18.2 91.5 10.0 0.0 0 1 4 5 5
2533.1 -6632.1 -9.6 69 0 26.7 30.2 7.5 0.0 0 1 3 2 2
2563.4 -6621.1 -9.2 69 0 26.2 29.8 7.5 0.0 0 1 3 1 1
2525.6 -6527.5 -7.5 250 0 25.7 30.7 7.5 0.0 0 1 3 2 2
2556.7 -6568.0 -8.2 339 0 25.4 30.5 7.5 0.0 0 1 3 0 0
2601.1 -6585.7 -9.0 337 0 31.8 25.4 7.5 0.0 0 0 3 3 3
2494.8 -6538.4 -7.2 249 0 26.1 31.2 7.5 0.0 0 1 3 5 5
2574.2 -6524.8 -7.6 340 0 31.6 27.1 7.5 0.0 0 0 3 5 5
2609.4 -6499.9 -6.5 250 0 10.5 24.1 2.5 2.5 2 1 1 2 2
2640.1 -6496.1 -6.5 343 0 17.4 17.5 7.5 2.5 2 1 3 0 0
2489.2 -6604.4 -9.3 338 0 115.7 14.5 10.0 0.0 0 0 4 4 4
2442.5 -6558.6 -9.1 250 0 13.9 117.1 10.0 0.0 0 1 4 1 1
-5600.5 -8546.3 -4.3 263 0 16.3 20.9 14.0 3.5 2 1 4 3 3
1701.8 -1413.2 -7.3 5 0 28.0 19.8 10.0 2.5 4 0 4 2 2
-6437.0 -8499.9 -12.9 73 0 18.1 22.2 14.0 3.5 2 1 4 2 2
-5988.3 -8070.6 -4.5 325 0 17.0 28.2 10.5 0.0 0 1 3 1 1
-5908.2 -8104.9 -4.4 70 0 18.1 18.2 14.0 3.5 2 1 4 4 4
-5765.9 -8470.7 -4.7 71 0 14.7 10.4 14.0 3.5 2 0 4 2 2
-5845.4 -8860.2 -5.4 166 0 12.1 22.9 10.5 3.5 2 1 3 1 1
-6515.7 -9264.9 -9.0 263 0 13.5 24.9 14.0 3.5 2 1 4 5 5
-6102.3 -9519.1 -6.8 261 0 17.9 18.1 14.0 3.5 2 1 4 5 5
-6726.3 -9678.8 -9.6 71 0 16.0 12.9 17.5 3.5 2 0 5 1 1
-5785.2 -10530.5 -7.4 68 0 16.5 22.2 10.5 3.5 2 1 3 3 3
-6209.0 -10788.7 -8.4 79 0 14.7 14.2 14.0 3.5 2 0 4 5 5
-6071.1 -10380.8 -7.5 352 0 24.9 20.3 10.5 3.5 2 0 3 1 1
-6599.2 -10279.9 -10.3 80 0 16.3 19.3 17.5 3.5 2 1 5 1 1
-6655.9 -10885.6 -12.0 260 0 31.7 38.8 17.5 0.0 0 1 5 5 5
-6763.9 -11289.5 -8.5 81 0 16.0 18.5 14.0 0.0 0 1 4 1 1
-6789.4 -5921.9 -10.0 247 0 46.0 36.0 10.5 0.0 0 0 3 2 2
-6659.3 -5861.8 -7.6 246 0 25.3 22.5 14.0 3.5 2 0 4 1 1
-6638.9 -5848.0 -7.6 246 0 23.2 26.7 14.0 0.0 0 0 4 1 1
-6619.4 -5839.4 -7.0 246 0 19.6 26.5 14.0 3.5 2 0 4 1 1
-6194.0 -6489.7 -7.3 73 0 18.5 24.2 14.0 3.5 2 1 4 1 1
-6193.3 -6333.3 -6.1 79 0 15.5 11.7 14.0 3.5 2 0 4 4 4
-6566.5 -5924.6 -7.1 252 0 15.9 25.1 14.0 3.5 4 1 4 2 2
-6728.6 -7455.1 -2.2 77 0 18.2 15.6 14.0 3.5 2 0 4 1 1
-6184.3 -5654.9 -4.9 65 0 50.3 13.3 10.5 3.5 2 0 3 0 0
-6216.9 -5664.7 -5.1 336 0 15.0 47.0 14.0 3.5 2 1 4 0 0
-6130.7 -5629.1 -4.7 65 0 48.2 13.1 14.0 3.5 2 0 4 0 0
-5984.4 -5570.6 -6.0 67 0 28.5 25.5 14.0 0.0 0 0 4 5 5
-5958.3 -5558.9 -5.9 65 0 28.8 25.7 14.0 0.0 0 0 4 5 5
-5926.7 -5521.5 -6.0 334 0 11.0 29.7 14.0 3.5 2 0 4 3 3
-5905.9 -5503.9 -6.0 246 0 29.9 11.8 14.0 3.5 4 0 4 4 4
-5797.5 -5451.2 -4.1 246 0 30.3 24.7 14.0 0.0 0 0 4 0 0
-5753.2 -5444.9 -4.3 336 0 24.6 27.9 14.0 0.0 0 0 4 4 4
-5709.7 -5433.1 -4.4 63 0 57.5 21.2 14.0 3.5 2 0 4 0 0
-4793.4 -6411.4 -4.8 74 1 19.1 11.5 14.0 3.5 2 0 4 3 3
-5531.2 -9051.0 -4.3 354 0 13.1 18.5 10.5 3.5 2 1 3 2 2
-5532.7 -9035.9 -4.3 353 0 11.9 18.1 10.5 3.5 4 1 3 4 4
-5540.5 -8968.4 -5.0 352 0 20.8 15.4 10.5 3.5 2 0 3 2 2
-5261.2 -8692.5 -6.4 82 0 16.2 11.0 14.0 3.5 2 0 4 3 3
-4409.8 -8786.9 -7.1 254 0 18.0 25.6 14.0 3.5 2 1 4 4 4
-5279.6 -8439.7 -8.7 262 0 22.8 15.8 14.0 3.5 2 0 4 2 2
-5087.6 -7949.4 -4.0 255 0 18.2 20.5 14.0 3.5 2 1 4 3 3
-5110.4 -8459.7 -5.8 258 0 17.2 16.5 14.0 3.5 2 0 4 1 1
-4659.1 -7477.4 -1.8 254 0 51.8 47.9 14.0 0.0 0 0 4 4 4
-5618.5 -9092.6 -3.1 354 0 20.3 23.3 14.0 3.5 2 1 4 2 2
-5527.0 -9080.0 -4.2 353 0 11.9 18.1 10.5 0.0 0 1 3 3 3
-6772.9 -9047.3 -10.4 60 0 13.3 17.3 14.0 3.5 4 1 4 1 1
-6664.5 -8978.8 -10.4 59 1 13.6 16.6 17.5 3.5 2 1 5 4 4
-5583.2 -9475.7 -4.9 356 0 10.5 14.4 10.5 3.5 2 0 3 1 1
-5589.3 -9494.6 -5.0 86 0 14.4 13.3 10.5 3.5 2 0 3 0 0
-6103.7 -11084.0 -15.3 221 0 46.1 49.4 14.0 0.0 0 1 4 4 4
-6150.4 -11068.8 -13.1 255 0 14.2 20.4 10.5 3.5 2 1 3 3 3
-5860.3 -10669.2 -5.6 223 0 18.1 21.4 14.0 3.5 2 1 4 3 3
-6720.2 -10520.6 -10.5 56 0 16.5 22.3 14.0 3.5 2 1 4 4 4
-6011.0 -10411.4 -6.0 4 0 16.3 23.2 10.5 3.5 2 1 3 0 0
-6072.8 -10557.5 -9.7 234 0 16.0 10.2 10.5 3.5 2 0 3 4 4
-6054.2 -10569.3 -9.9 322 0 10.3 15.8 10.5 3.5 2 1 3 2 2
-6044.9 -10580.7 -9.9 324 0 10.2 16.4 10.5 3.5 2 1 3 3 3
-6654.0 -11016.9 -9.8 144 0 19.6 6.6 10.5 3.5 2 0 3 5 5
-6772.0 -11328.4 -8.4 234 0 18.4 16.7 14.0 3.5 2 0 4 1 1
-5966.4 -11529.0 -6.9 342 0 47.3 25.2 10.5 0.0 0 0 3 3 3
-6220.4 -11704.2 -12.3 121 0 19.8 20.7 14.0 3.5 2 1 4 0 0
-6331.8 -11876.6 -11.5 213 0 12.0 17.1 14.0 3.5 2 1 4 5 5
-6359.9 -11916.9 -11.7 209 0 21.7 20.6 14.0 3.5 2 0 4 4 4
-6460.7 -11529.8 -8.3 73 0 21.7 32.1 17.5 0.0 0 1 5 3 3
-6613.5 -11683.6 -9.4 214 0 12.9 17.3 14.0 3.5 2 1 4 2 2
-6118.0 -11223.8 -11.4 223 0 15.0 14.2 14.0 3.5 4 0 4 5 5
-6106.8 -11212.7 -12.5 225 0 12.2 14.3 14.0 3.5 2 1 4 0 0
-6080.3 -11183.3 -15.2 225 0 17.5 13.2 14.0 3.5 2 0 4 0 0
-5771.1 -12027.0 -12.5 31 0 11.2 17.5 10.5 3.5 2 1 3 5 5
-5778.1 -12038.9 -12.7 30 0 11.2 17.5 10.5 3.5 2 1 3 1 1
-5999.3 -12158.6 -16.9 253 0 15.9 31.6 14.0 3.5 2 1 4 3 3
-6208.7 -12374.5 -18.6 43 1 11.9 13.2 14.0 0.0 0 1 4 4 4
-5251.6 -11558.8 -11.7 48 0 22.7 30.0 14.0 0.0 0 1 4 0 0
-5208.4 -12485.0 -14.1 223 0 33.0 22.6 14.0 0.0 0 0 4 2 2
-5644.5 -11926.3 -16.1 302 0 12.6 37.9 14.0 0.0 0 1 4 2 2
-5611.5 -11965.9 -15.2 301 0 39.5 11.4 14.0 3.5 2 0 4 4 4
-5367.4 -12191.0 -14.5 315 0 12.6 16.2 10.5 3.5 2 1 3 2 2
-5352.4 -12205.9 -14.2 314 0 9.4 15.1 10.5 0.0 0 1 3 1 1
-5342.3 -12215.2 -13.9 314 0 13.1 14.8 10.5 3.5 2 1 3 4 4
-5325.3 -12229.7 -13.6 315 0 10.2 17.2 10.5 3.5 2 1 3 2 2
-5317.2 -12239.9 -13.4 312 0 11.0 13.4 10.5 3.5 2 1 3 1 1
-5191.2 -12348.8 -14.1 322 0 21.1 12.6 14.0 3.5 2 0 4 2 2
-5213.2 -12386.5 -13.9 50 0 7.9 18.0 10.5 3.5 4 0 3 3 3
-5219.7 -12391.9 -14.0 50 0 8.9 18.0 10.5 0.0 0 0 3 4 4
1276.4 -2532.9 -7.4 183 0 18.3 25.4 10.0 2.5 2 1 4 2 2
1886.3 -2701.0 -5.4 357 0 17.2 66.1 12.5 2.5 2 1 5 2 2
1991.1 -2696.3 -5.6 270 0 105.2 22.6 7.5 0.0 0 0 3 1 1
2086.5 -2699.5 -5.9 270 0 52.6 25.0 12.5 0.0 0 0 5 3 3
2163.0 -2697.9 -5.1 271 0 89.7 23.6 15.0 0.0 0 0 6 3 3
2494.0 -2711.3 -5.4 270 0 58.4 14.6 10.0 2.5 2 0 4 1 1
2447.1 -2711.3 -5.1 269 0 35.3 14.6 7.5 2.5 2 0 3 3 3
3073.9 -2586.9 -4.8 170 0 15.9 56.0 14.0 3.5 2 1 4 5 5
3219.2 -2557.0 -4.2 260 0 29.7 15.3 14.0 3.5 2 0 4 2 2
-793.8 -3085.0 -2.4 270 0 25.3 37.3 12.5 0.0 0 1 5 2 2
-397.3 -2869.3 -3.0 338 0 39.8 28.0 10.0 0.0 0 0 4 3 3
-197.6 -2765.7 -4.0 64 0 80.6 30.1 7.5 0.0 0 0 3 2 2
122.0 -2600.4 -2.7 153 0 15.3 38.0 5.0 2.5 2 0 2 3 3
987.2 -2170.0 -5.1 154 0 13.9 139.7 7.5 0.0 0 1 3 1 1
972.8 -2174.9 -5.0 334 0 13.9 94.3 7.5 2.5 2 1 3 4 4
830.9 -2247.9 -5.1 155 0 24.6 47.7 7.5 0.0 0 1 3 1 1
720.5 -2294.5 -3.9 334 0 15.8 34.3 7.5 2.5 2 1 3 4 4
657.5 -2338.4 -4.3 129 0 13.5 28.2 12.5 2.5 2 1 5 5 5
502.1 -2405.7 -4.8 64 0 29.3 20.5 5.0 0.0 0 0 2 1 1
538.1 -2388.2 -5.0 64 0 33.6 20.5 5.0 0.0 0 0 2 0 0
572.2 -2371.6 -5.0 64 0 33.6 20.5 5.0 0.0 0 0 2 5 5
606.3 -2355.1 -4.8 64 0 33.6 20.5 5.0 0.0 0 0 2 2 2
789.6 -2252.0 -4.6 242 0 22.3 10.7 5.0 0.0 0 0 2 1 1
820.0 -2241.3 -4.7 332 0 9.9 19.4 7.5 2.5 2 1 3 4 4
951.0 -2085.5 -4.6 63 0 16.7 24.7 7.5 2.5 2 1 3 3 3
910.4 -2093.1 -4.3 154 0 21.3 11.0 2.5 2.5 2 0 1 3 3
962.9 -2042.0 -4.8 334 0 10.2 48.9 2.5 2.5 2 1 1 1 1
576.8 -2289.9 -5.1 64 0 79.5 21.2 10.0 0.0 0 0 4 1 1
619.9 -2268.8 -4.5 63 0 16.5 21.2 5.0 2.5 2 0 2 5 5
675.2 -2241.2 -4.2 63 0 107.0 21.1 5.0 0.0 0 0 2 1 1
475.8 -2302.3 -5.6 73 0 14.3 24.2 2.5 0.0 0 1 1 3 3
-47.8 -2572.3 -2.7 350 0 30.5 25.2 12.5 0.0 0 0 5 0 0
4346.3 -1616.1 -2.7 24 0 20.5 16.4 7.5 2.5 2 0 3 1 1
3947.7 -2667.6 -6.4 261 0 15.2 23.5 14.0 3.5 2 1 4 3 3
3293.9 -3283.3 -2.4 77 0 18.9 37.0 10.0 0.0 0 1 4 3 3
2922.6 -3399.7 -4.1 258 0 21.2 17.8 7.5 2.5 4 0 3 1 1
2340.4 -3418.0 -8.0 255 0 17.7 20.8 7.5 2.5 2 1 3 5 5
1239.1 -2041.8 -4.9 243 0 65.0 14.5 7.5 2.5 2 0 3 4 4
1354.2 -1991.4 -5.1 333 0 14.5 93.0 7.5 2.5 2 0 3 4 4
1476.1 -1992.2 -3.3 262 0 21.8 6.1 5.0 2.5 2 0 2 5 5
1487.9 -2034.8 -2.9 345 0 5.9 10.0 5.0 2.5 8 1 2 2 2
1495.8 -2020.7 -2.9 340 0 3.2 3.5 2.5 2.5 8 1 1 3 3
1498.7 -2046.4 -3.1 340 0 3.2 3.5 5.0 2.5 8 1 2 2 2
2079.5 -1855.2 -4.9 85 0 20.2 56.1 7.5 2.5 2 1 3 2 2
2024.7 -1825.4 -5.2 176 0 44.4 39.0 10.0 0.0 0 0 4 4 4
2016.1 -1807.7 -5.4 356 0 22.2 30.3 7.5 0.0 0 1 3 4 4
2387.1 -1749.2 -6.8 270 0 21.1 17.0 10.0 2.5 2 0 4 0 0
2365.1 -1754.4 -6.9 270 0 23.0 12.0 10.0 0.0 0 0 4 3 3
2407.9 -1747.9 -6.6 269 0 6.9 10.6 7.5 0.0 0 1 3 0 0
3612.1 -2561.7 -5.4 191 0 4.4 23.1 10.5 3.5 4 1 3 5 5
3273.5 -2560.4 -4.7 77 0 20.7 24.0 14.0 3.5 2 1 4 1 1
3321.8 -2542.9 -4.8 357 0 17.8 33.8 14.0 0.0 0 1 4 0 0
3333.2 -2540.8 -4.8 168 0 14.6 33.3 14.0 3.5 2 1 4 1 1
3413.6 -2523.8 -4.4 15 0 22.0 17.1 14.0 3.5 4 0 4 2 2
3435.8 -2523.9 -4.3 192 0 16.4 20.4 14.0 3.5 2 0 4 3 3
3475.7 -2532.3 -4.7 12 0 16.5 20.4 14.0 3.5 2 0 4 5 5
3499.4 -2533.8 -5.1 191 0 17.4 18.3 14.0 3.5 4 0 4 0 0
3538.9 -2541.8 -5.2 11 0 17.5 21.9 14.0 3.5 2 0 4 3 3
3557.4 -2545.6 -5.3 193 0 15.5 22.0 10.5 3.5 2 0 3 5 5
3598.7 -2556.2 -5.4 13 0 13.8 20.6 10.5 3.5 2 0 3 2 2
3647.7 -2568.9 -5.5 102 0 20.0 10.0 14.0 3.5 2 0 4 2 2
3681.1 -2561.7 -5.4 281 0 23.3 15.0 14.0 3.5 4 0 4 2 2
3711.4 -2560.4 -5.4 281 0 35.6 21.8 14.0 0.0 0 0 4 2 2
3734.0 -2564.8 -5.2 282 0 10.3 21.6 14.0 3.5 4 0 4 4 4
3769.2 -2573.1 -5.1 281 0 62.6 20.2 14.0 3.5 2 0 4 4 4
3862.7 -2600.0 -5.2 12 0 16.2 30.9 10.5 3.5 4 1 3 2 2
3944.6 -2599.2 -7.0 282 0 22.1 26.5 10.5 3.5 2 1 3 2 2
2913.7 -2450.3 -5.6 80 0 16.3 24.4 14.0 0.0 0 1 4 0 0
2803.1 -2724.1 -4.0 255 0 33.1 13.0 14.0 3.5 2 0 4 3 3
2231.2 -2769.2 -4.5 271 0 20.9 12.0 5.0 2.5 2 0 2 0 0
2203.9 -2768.8 -5.1 271 0 33.9 17.3 10.0 2.5 2 0 4 2 2
2115.4 -2771.4 -6.3 271 0 44.3 16.0 15.0 0.0 0 0 6 5 5
2080.5 -2771.2 -6.2 270 0 31.3 16.4 10.0 0.0 0 0 4 4 4
2029.2 -2771.5 -5.5 269 0 24.5 16.7 10.0 2.5 2 0 4 1 1
1905.9 -2787.1 -6.2 359 0 28.5 29.6 7.5 0.0 0 0 3 4 4
1782.5 -2771.9 -6.5 270 0 61.9 30.9 7.5 0.0 0 0 3 4 4
1859.3 -2778.1 -6.4 269 0 33.7 16.9 7.5 0.0 0 0 3 5 5
2296.9 -2769.2 -4.1 270 0 50.9 14.9 7.5 0.0 0 0 3 5 5
2697.4 -2755.3 -5.5 258 0 45.8 21.7 12.5 2.5 2 0 5 4 4
2994.6 -2668.1 -4.9 348 0 16.9 24.3 14.0 3.5 2 1 4 1 1
3047.9 -2661.3 -4.9 348 0 16.9 23.5 14.0 3.5 2 1 4 2 2
3068.9 -2641.4 -4.9 256 0 19.1 18.1 14.0 3.5 2 0 4 2 2
3125.8 -2636.1 -4.9 257 0 25.4 12.3 14.0 3.5 2 0 4 2 2
3147.2 -2628.2 -4.9 257 0 19.8 15.1 14.0 3.5 2 0 4 5 5
3176.4 -2631.0 -4.9 256 0 23.9 13.8 14.0 3.5 2 0 4 4 4
3211.5 -2625.1 -4.9 348 0 11.2 23.7 14.0 3.5 2 0 4 3 3
3268.8 -2616.0 -4.9 346 0 26.1 44.8 14.0 0.0 0 1 4 5 5
3301.2 -2606.3 -4.6 346 0 12.6 26.0 10.5 3.5 2 1 3 3 3
3394.6 -2581.6 -4.5 256 0 24.4 17.2 14.0 3.5 2 0 4 0 0
3582.0 -2598.0 -5.0 265 0 14.0 14.5 14.0 3.5 2 1 4 3 3
3649.6 -2614.2 -4.9 279 0 40.6 16.2 14.0 3.5 2 0 4 4 4
3690.5 -2627.4 -4.9 10 0 12.1 22.2 14.0 3.5 4 0 4 2 2
3722.7 -2626.1 -4.9 282 0 28.3 26.0 14.0 0.0 0 0 4 3 3
3750.5 -2631.6 -4.9 281 0 28.9 19.3 14.0 3.5 2 0 4 5 5
3778.9 -2637.0 -5.2 281 0 28.9 19.3 14.0 3.5 4 0 4 1 1
2025.1 -1738.9 -5.8 85 0 16.7 21.2 7.5 2.5 2 1 3 1 1
2323.2 -1685.6 -6.9 266 0 21.1 14.0 5.0 2.5 2 0 2 5 5
3841.4 -2646.4 -5.9 281 0 28.1 23.2 14.0 0.0 0 0 4 2 2
3871.2 -2652.4 -6.2 281 0 25.3 22.2 14.0 3.5 2 0 4 3 3
3900.5 -2658.2 -6.1 281 0 29.9 12.5 14.0 3.5 2 0 4 5 5
2228.7 -1688.4 -8.0 268 0 21.9 11.8 5.0 2.5 4 0 2 4 4
2491.8 -1691.9 -8.0 5 0 7.9 27.6 7.5 2.5 2 1 3 4 4
2586.2 -1685.4 -7.5 274 0 18.7 14.8 7.5 2.5 2 0 3 3 3
2606.0 -1688.0 -7.7 274 0 21.2 13.7 7.5 2.5 2 0 3 0 0
2618.4 -1683.9 -8.2 199 0 25.2 58.8 7.5 2.5 2 0 3 0 0
2696.5 -1679.7 -9.5 266 0 22.7 29.0 7.5 0.0 0 1 3 1 1
2727.9 -1681.5 -9.4 274 0 23.4 29.8 7.5 0.0 0 1 3 2 2
2829.4 -2652.6 -4.2 259 0 19.4 14.0 10.5 3.5 2 0 3 1 1
2727.5 -2671.5 -3.4 258 0 21.8 15.8 10.5 3.5 2 0 3 2 2
2675.7 -2675.3 -3.8 259 0 23.0 27.0 10.5 0.0 0 1 3 2 2
2545.9 -2718.9 -5.1 170 0 8.2 10.7 7.5 2.5 2 1 3 5 5
310.0 -1541.9 0.4 0 0 27.5 12.2 7.5 2.5 4 0 3 2 2
1023.8 -1555.6 -5.5 186 0 25.5 17.1 10.0 2.5 2 0 4 5 5
-6864.7 -7434.8 -2.4 253 0 26.9 26.4 17.5 3.5 2 0 5 2 2
710.2 -6127.2 -3.5 0 0 32.0 25.5 7.5 0.0 0 0 3 4 4
762.4 -6245.5 -4.2 182 0 31.4 26.9 5.0 0.0 0 0 2 5 5
764.2 -6165.3 -3.4 270 0 6.1 8.0 10.5 2.5 2 1 3 3 3
4219.9 -2147.9 -5.1 202 0 21.6 79.8 7.5 0.0 0 1 3 2 2
711.4 -6080.2 -4.2 1 0 32.2 26.3 10.0 0.0 0 0 4 3 3
-3646.7 -8331.4 -5.6 344 0 167.5 72.0 14.0 0.0 0 0 4 2 2
-5230.7 -11603.8 -11.6 38 0 9.8 31.9 3.5 3.5 2 1 1 5 5
-5463.4 -11970.7 -14.4 229 0 38.8 30.2 10.5 0.0 0 0 3 4 4
-5302.0 -11879.9 -11.6 317 0 62.8 8.0 10.5 3.5 2 0 3 4 4
-5250.3 -11934.2 -11.5 319 0 62.3 10.0 10.5 3.5 2 0 3 3 3
-5197.1 -11993.2 -10.7 318 0 66.1 12.1 10.5 3.5 2 0 3 3 3
-4647.3 -11353.7 -2.1 317 0 29.0 9.4 3.5 3.5 2 0 1 1 1
-4693.2 -11412.8 -2.5 159 0 18.9 13.7 3.5 3.5 2 0 1 1 1
-4460.9 -11568.5 -2.6 49 0 32.4 10.7 3.5 3.5 2 0 1 0 0
-4491.9 -11568.5 -3.4 321 0 33.2 13.1 3.5 3.5 2 0 1 1 1
-4531.4 -11524.2 -3.7 318 0 29.8 14.4 7.0 3.5 2 0 2 5 5
-4555.3 -11548.7 -4.4 136 0 35.8 17.9 7.0 3.5 4 0 2 1 1
-4719.3 -11453.9 -3.6 135 0 28.1 13.1 7.0 3.5 2 0 2 5 5
-4687.6 -11512.4 -4.5 139 0 30.9 28.5 3.5 0.0 0 0 1 2 2
-4606.2 -11411.9 -2.9 318 0 26.6 55.6 3.5 3.5 2 1 1 5 5
-5072.9 -10875.3 -6.3 318 0 16.5 51.3 3.5 3.5 2 1 1 5 5
-5188.4 -10974.0 -6.9 138 0 19.7 68.4 3.5 3.5 2 1 1 5 5
-5149.6 -10998.7 -6.5 138 0 21.8 79.4 3.5 0.0 0 1 1 0 0
-5076.9 -11030.0 -5.5 48 0 77.2 20.5 3.5 3.5 2 0 1 1 1
-5231.6 -11066.6 -7.0 227 0 72.8 18.6 3.5 3.5 2 0 1 1 1
-5179.8 -11123.5 -6.7 48 0 74.1 20.1 3.5 3.5 2 0 1 3 3
-5255.0 -11191.8 -6.8 48 0 57.0 21.7 3.5 3.5 2 0 1 0 0
-5295.2 -11244.0 -9.5 51 0 49.3 21.0 3.5 0.0 0 0 1 0 0
-5324.6 -11154.6 -6.5 140 0 19.3 56.7 3.5 3.5 2 1 1 0 0
-5402.2 -11195.3 -11.2 229 0 21.8 96.9 3.5 0.0 0 1 1 3 3
-5477.2 -11027.0 -9.7 49 0 33.4 81.2 3.5 0.0 0 1 1 4 4
-5316.3 -11075.4 -6.6 320 0 16.8 61.9 3.5 3.5 2 1 1 0 0
-5420.8 -11112.1 -7.3 139 0 17.8 32.1 3.5 3.5 2 1 1 0 0
-5006.3 -10971.0 -5.1 48 0 24.0 60.1 3.5 3.5 2 1 1 3 3
-5049.0 -10688.4 -3.4 230 0 22.0 9.8 3.5 3.5 2 0 1 4 4
-5070.8 -10701.3 -4.0 140 0 27.5 11.4 3.5 3.5 2 0 1 0 0
-5107.2 -10616.4 -3.4 318 0 12.1 32.8 3.5 3.5 2 1 1 0 0
-5084.7 -10620.5 -2.5 140 0 15.5 14.1 3.5 3.5 2 0 1 2 2
-5042.0 -10656.4 -2.3 139 0 59.2 25.5 3.5 3.5 2 0 1 4 4
-4715.7 -5838.4 -5.6 353 0 21.6 18.6 10.5 3.5 2 0 3 1 1
-5199.9 -5711.2 -6.2 339 0 42.7 111.2 3.5 0.0 0 1 1 0 0
-4878.9 -5326.9 -5.3 150 0 17.3 37.1 10.5 3.5 2 1 3 5 5
-4869.9 -5181.4 -6.0 333 0 14.0 38.2 10.5 3.5 2 1 3 3 3
-4940.9 -5198.9 -6.0 149 0 18.8 18.8 10.5 3.5 2 1 3 2 2
-5631.6 -4032.5 -10.6 132 0 22.4 18.2 3.5 3.5 2 0 1 1 1
-5082.2 -6195.5 -4.4 347 0 14.8 17.8 14.0 3.5 2 1 4 1 1
-5479.7 -5554.5 -6.8 255 0 12.8 28.6 14.0 3.5 2 1 4 5 5
-4955.6 -5701.6 -5.3 161 0 14.6 20.4 14.0 3.5 4 1 4 2 2
-4674.5 -6051.4 -5.6 163 0 23.6 20.0 10.5 3.5 2 0 3 3 3
-4791.1 -6292.5 -7.5 245 0 12.7 19.8 14.0 3.5 2 1 4 5 5
-5636.7 -6051.3 -6.6 70 0 22.5 34.1 14.0 0.0 0 1 4 1 1
-5490.3 -6617.4 -4.2 358 0 33.3 17.7 14.0 3.5 2 0 4 1 1
-5584.9 -7138.2 -5.3 354 0 37.3 18.5 14.0 3.5 4 0 4 4 4
-6866.0 -7682.2 -4.7 57 0 18.9 36.9 14.0 3.5 2 1 4 1 1
1320.3 -5354.2 -2.8 253 0 15.2 26.5 10.0 0.0 0 1 4 0 0
1098.1 -5737.8 -3.1 353 0 41.9 33.2 7.5 0.0 0 0 3 0 0
2531.0 -2867.6 -2.5 259 0 20.3 23.0 10.0 2.5 2 1 4 5 5
-2992.0 -3199.3 -8.9 180 0 25.0 14.9 10.0 2.5 2 0 4 2 2
-2980.2 -3166.5 -9.0 180 0 51.0 11.2 7.5 2.5 4 0 3 2 2
-3039.9 -2722.2 -10.1 180 0 42.4 24.3 10.5 0.0 0 0 3 3 3
-3018.5 -2875.1 -10.3 360 0 60.7 19.0 14.0 3.5 4 0 4 3 3
-2937.3 -3512.3 -9.8 270 0 92.2 193.5 12.5 0.0 0 1 5 4 4
-2993.8 -3546.2 -11.2 360 0 161.7 45.2 14.0 0.0 0 0 4 2 2
-2949.2 -2415.2 -8.9 270 0 178.2 160.7 10.5 0.0 0 0 3 4 4
958.1 -2517.0 -5.6 282 0 15.9 14.2 5.0 2.5 2 0 2 3 3
981.7 -2586.7 -6.1 282 0 15.9 14.2 7.5 0.0 0 0 3 1 1
991.5 -2645.1 -5.9 102 0 15.9 14.3 5.0 2.5 2 0 2 5 5
1005.6 -2619.4 -6.2 12 0 14.2 15.9 7.5 0.0 0 1 3 4 4
1010.4 -2600.3 -6.5 12 0 14.2 15.9 5.0 2.5 2 1 2 1 1
1008.8 -2572.4 -6.9 102 0 15.9 14.2 7.5 2.5 2 0 3 4 4
1027.7 -2527.7 -7.1 12 0 14.2 15.9 7.5 2.5 2 1 3 4 4
1022.9 -2546.8 -6.9 12 0 14.2 15.9 5.0 2.5 2 1 2 3 3
987.2 -2567.9 -6.5 102 0 15.9 14.2 7.5 2.5 4 0 3 5 5
999.8 -2514.5 -6.9 282 0 15.9 14.2 2.5 0.0 0 0 1 5 5
985.7 -2538.9 -6.8 192 0 14.2 15.9 5.0 2.5 2 1 2 5 5
1039.4 -2646.3 -6.2 12 0 14.2 15.9 5.0 2.5 2 1 2 4 4
1049.0 -2606.9 -6.4 12 0 14.2 15.9 7.5 2.5 2 1 3 3 3
1044.2 -2626.0 -6.3 12 0 14.2 15.9 7.5 0.0 0 1 3 4 4
1053.1 -2587.1 -6.5 12 0 14.2 15.9 5.0 2.5 2 1 2 5 5
1062.7 -2547.7 -6.7 12 0 14.2 15.9 2.5 2.5 2 1 1 5 5
1057.9 -2566.8 -6.6 12 0 14.2 15.9 5.0 2.5 2 1 2 4 4
1067.5 -2528.1 -6.7 12 0 14.2 15.9 7.5 0.0 0 1 3 2 2
754.9 -3114.1 -6.9 81 0 23.2 11.3 7.5 2.5 4 0 3 2 2
783.0 -3097.8 -7.2 261 0 23.2 11.3 7.5 2.5 2 0 3 3 3
-350.7 -10192.0 -0.7 158 0 21.1 63.6 7.5 0.0 0 1 3 4 4
-6826.8 -5824.2 -9.4 64 0 34.3 21.6 7.5 2.5 2 0 3 1 1
1711.8 -5327.2 -2.8 271 0 27.0 31.4 5.0 0.0 0 1 2 0 0
1744.1 -5327.8 -2.6 270 0 26.7 31.4 5.0 0.0 0 1 2 3 3
1777.0 -5328.2 -2.4 270 0 26.6 31.1 5.0 0.0 0 1 2 2 2
641.4 -2653.1 -5.0 154 0 22.3 14.7 10.0 2.5 2 0 4 2 2
453.0 -2729.3 -4.2 152 0 11.5 10.8 7.5 2.5 2 0 3 3 3
461.6 -2750.0 -4.3 154 0 17.3 9.5 7.5 2.5 2 0 3 2 2
-6266.3 -6191.4 -4.5 70 0 9.7 13.0 10.5 3.5 4 1 3 1 1
-6270.3 -6167.0 -5.3 339 0 14.5 11.1 14.0 3.5 2 0 4 2 2
-6294.4 -6167.8 -6.3 251 0 11.4 15.4 14.0 3.5 2 1 4 0 0
-6283.7 -6198.9 -5.5 70 0 10.4 15.1 14.0 3.5 2 1 4 0 0
-6311.8 -6174.5 -7.3 253 0 11.8 15.2 14.0 3.5 2 1 4 4 4
-6301.9 -6204.7 -6.5 70 0 10.8 14.1 14.0 0.0 0 1 4 1 1
-6329.8 -6182.0 -8.3 253 0 11.9 13.9 14.0 3.5 2 1 4 2 2
-6319.6 -6211.5 -7.6 70 0 10.7 14.5 14.0 0.0 0 1 4 2 2
-6346.8 -6189.0 -8.7 251 0 11.9 13.1 14.0 3.5 2 1 4 3 3
-6336.9 -6218.1 -8.6 72 0 12.4 14.8 14.0 3.5 2 1 4 4 4
-6361.0 -6208.6 -9.6 74 0 11.5 13.1 14.0 3.5 2 1 4 0 0
-6355.6 -6223.5 -9.6 73 0 12.3 12.8 14.0 3.5 2 1 4 5 5
-6386.5 -6209.4 -9.6 162 0 15.6 11.3 14.0 0.0 0 0 4 3 3
-6372.3 -6232.3 -9.7 70 0 11.6 15.6 14.0 3.5 4 1 4 3 3
-6250.7 -6220.2 -4.1 339 0 13.9 11.3 14.0 3.5 2 0 4 2 2
-6274.0 -6221.8 -4.1 251 0 11.9 13.7 14.0 3.5 2 1 4 0 0
-6291.6 -6228.3 -5.1 252 0 11.9 13.2 14.0 3.5 2 1 4 3 3
-6309.7 -6235.5 -6.3 252 0 11.4 13.7 14.0 3.5 2 1 4 2 2
-6327.2 -6242.3 -7.4 252 0 11.4 13.5 14.0 3.5 4 1 4 4 4
-6345.2 -6248.0 -8.6 250 0 11.0 13.4 14.0 3.5 2 1 4 1 1
-6363.6 -6284.7 -9.7 158 0 17.3 8.9 10.5 0.0 0 0 3 0 0
-6355.9 -6303.9 -9.3 158 0 17.9 9.6 10.5 3.5 2 0 3 4 4
-6359.5 -6324.9 -9.3 69 0 9.5 11.6 10.5 0.0 0 1 3 2 2
-6163.6 -6429.4 -6.6 72 0 13.9 13.6 14.0 3.5 2 0 4 1 1
-6155.2 -6569.7 -5.8 342 0 25.8 14.5 14.0 3.5 2 0 4 3 3
-6145.8 -6599.3 -6.0 342 0 26.0 14.8 14.0 3.5 2 0 4 4 4
-6140.3 -6641.1 -6.4 73 0 13.8 23.8 14.0 3.5 4 1 4 3 3
-6181.5 -6599.0 -5.9 341 0 10.2 13.7 14.0 3.5 4 1 4 3 3
-6186.6 -6586.7 -6.2 335 0 9.3 13.1 10.5 0.0 0 1 3 1 1
-6190.9 -6574.4 -6.5 334 0 9.3 14.3 10.5 3.5 2 1 3 1 1
-6210.4 -6611.8 -6.6 71 0 14.7 9.9 10.5 3.5 2 0 3 5 5
-6223.4 -6596.1 -6.9 161 0 9.4 13.7 10.5 0.0 0 1 3 5 5
-6223.7 -6576.9 -7.2 251 0 13.6 9.3 10.5 3.5 2 0 3 5 5
2391.8 -7880.7 -11.0 360 0 10.2 21.7 10.0 2.5 2 1 4 3 3
-5829.0 -12042.6 -11.8 209 0 6.5 13.0 10.5 3.5 2 1 3 3 3
-5823.9 -12027.8 -11.9 211 0 6.1 16.4 10.5 3.5 2 1 3 1 1
-5816.2 -12014.9 -12.0 212 0 6.4 16.6 10.5 3.5 2 1 3 2 2
-5808.0 -12001.6 -12.0 214 0 6.3 16.8 10.5 3.5 4 1 3 0 0
-5810.2 -12074.4 -12.3 122 0 16.2 10.8 10.5 0.0 0 0 3 3 3
-5794.4 -12065.2 -12.5 44 0 8.6 17.2 10.5 0.0 0 1 3 5 5
-5787.3 -12053.2 -12.7 45 0 9.4 17.1 10.5 3.5 2 1 3 1 1
974.3 -6209.4 -3.6 91 0 16.1 9.6 7.5 2.5 2 0 3 4 4
1019.6 -6209.2 -3.7 91 0 16.1 9.6 7.5 2.5 2 0 3 4 4
1110.8 -6208.5 -3.5 91 0 16.1 9.6 2.5 2.5 2 0 1 5 5
1133.1 -6209.2 -3.5 91 0 16.1 9.6 2.5 2.5 2 0 1 5 5
928.9 -6209.0 -3.6 91 0 16.1 9.6 7.5 2.5 2 0 3 2 2
-761.9 -12503.4 -10.1 181 0 28.8 25.4 10.5 0.0 0 0 3 2 2
