-1517.0 12432.2 -11.3 44 0 3.9 9.6 7.5 2.5 2 1 3 3 3
-1524.6 12439.5 -11.3 44 0 4.5 7.0 5.0 2.5 2 1 2 4 4
-1497.3 12464.2 -11.2 314 0 8.7 20.1 7.5 2.5 2 1 3 0 0
-1554.4 12407.9 -11.6 133 0 21.3 13.3 10.0 2.5 2 0 4 0 0
-1531.1 12417.1 -11.5 44 0 18.6 5.1 5.0 2.5 4 0 2 0 0
-1532.8 12414.6 -11.6 224 0 12.7 5.4 7.5 2.5 2 0 3 5 5
-1511.3 12420.1 -11.6 224 0 4.4 6.0 7.5 0.0 0 1 3 1 1
-1515.3 12433.0 -11.6 223 0 7.7 17.7 7.5 2.5 2 1 3 4 4
-1481.0 12526.6 -11.3 223 0 14.0 9.5 7.5 2.5 2 0 3 0 0
-1462.2 12490.6 -11.4 43 0 9.1 19.8 7.5 0.0 0 1 3 2 2
-1463.2 12487.8 -11.4 224 0 15.4 5.2 5.0 2.5 2 0 2 4 4
-1484.5 12465.4 -11.5 223 0 7.8 19.6 2.5 2.5 2 1 1 4 4
-1634.0 12276.0 -10.4 224 0 4.2 5.9 5.0 2.5 2 1 2 1 1
-1344.3 12474.7 -13.0 224 0 3.6 9.9 7.5 2.5 2 1 3 3 3
-1340.2 12485.5 -12.7 314 0 3.9 5.1 7.5 2.5 4 1 3 1 1
-1361.6 12429.8 -13.0 134 0 11.5 17.4 2.5 2.5 2 1 1 0 0
-1350.6 12449.3 -13.0 134 0 5.4 14.7 7.5 2.5 2 1 3 2 2
-1434.6 12432.8 -12.1 251 0 4.0 4.2 7.5 2.5 4 1 3 2 2
-1433.1 12427.5 -12.2 251 0 4.6 4.7 2.5 2.5 2 1 1 0 0
-1426.4 12438.9 -12.2 251 0 12.9 8.2 7.5 0.0 0 0 3 2 2
-1374.3 12264.2 -13.5 133 0 4.3 16.5 7.5 2.5 2 1 3 1 1
-1334.5 12377.3 -13.5 223 0 12.5 6.3 5.0 2.5 2 0 2 5 5
-1298.9 12407.4 -13.3 224 0 4.7 6.8 7.5 2.5 2 1 3 1 1
-1316.6 12395.5 -13.4 224 0 9.4 5.8 5.0 2.5 2 0 2 5 5
-1273.4 12362.8 -13.2 44 0 9.1 5.5 7.5 2.5 2 0 3 0 0
-1298.3 12332.7 -13.3 133 0 16.9 8.3 7.5 2.5 2 0 3 2 2
-1491.0 12203.9 -12.4 224 0 4.7 5.4 7.5 2.5 2 1 3 4 4
-1816.2 12535.9 -6.6 133 0 8.0 8.8 5.0 2.5 2 1 2 3 3
-2030.3 -8318.8 -11.6 350 0 6.9 11.6 5.0 2.5 2 1 2 4 4
-2028.4 -8276.0 -11.5 345 0 6.7 9.6 7.5 0.0 0 1 3 5 5
-2068.1 -8322.8 -11.7 168 0 13.4 12.8 10.0 2.5 4 0 4 1 1
-2079.2 11296.2 -12.0 333 0 10.4 6.3 2.5 2.5 2 0 1 1 1
-2128.9 11261.1 -11.8 153 0 6.3 11.7 2.5 2.5 2 1 1 1 1
-2089.3 11279.9 -12.0 332 0 8.6 20.5 2.5 2.5 2 1 1 1 1
-2066.4 11267.3 -11.8 334 0 4.1 3.8 2.5 2.5 2 0 1 3 3
-2121.2 11249.3 -11.4 154 0 4.1 3.8 2.5 2.5 2 0 1 0 0
-2036.7 11212.6 -10.5 341 0 10.2 5.2 2.5 2.5 2 0 1 1 1
-2033.4 11205.0 -10.4 284 0 5.2 10.2 2.5 2.5 2 1 1 5 5
-2039.3 11191.7 -10.4 67 0 4.7 4.2 2.5 2.5 2 0 1 2 2
-2054.0 11181.7 -10.3 66 0 10.5 6.3 2.5 2.5 2 0 1 3 3
