-6815.4 4089.9 0.1 65 0 24.1 13.9 7.5 2.5 2 0 3 5 5
-6888.8 4258.4 -3.7 240 0 18.1 28.9 7.5 2.5 2 1 3 0 0
-6915.9 4174.0 -3.0 151 0 45.0 27.3 10.0 0.0 0 0 4 3 3
-6876.9 4101.4 -1.3 152 0 7.5 13.1 5.0 2.5 2 1 2 2 2
-6888.8 4136.0 -2.2 243 0 7.9 23.0 5.0 2.5 2 1 2 5 5
-6867.5 4140.6 -1.9 152 0 16.7 24.8 12.5 2.5 2 1 5 4 4
-6796.6 4142.7 -0.9 332 0 9.1 11.4 5.0 2.5 2 1 2 1 1
-6811.3 4166.4 -1.2 330 0 14.8 14.7 7.5 2.5 2 0 3 0 0
-6774.5 4079.2 -0.1 240 0 14.8 23.0 10.0 2.5 2 1 4 3 3
-6738.7 4038.2 0.2 328 0 7.5 27.9 2.5 2.5 2 1 1 2 2
-6712.1 3989.6 0.5 331 0 15.8 18.1 7.5 2.5 2 1 3 4 4
-6677.9 3925.8 1.0 330 0 16.9 14.2 5.0 2.5 2 0 2 2 2
-6665.3 3824.9 0.8 62 0 40.4 25.2 7.5 0.0 0 0 3 5 5
-6923.2 4321.4 -4.8 153 0 27.5 26.2 7.5 0.0 0 0 3 3 3
-6527.9 3911.6 -0.5 330 0 22.4 11.0 5.0 2.5 2 0 2 5 5
-6548.2 3949.3 -0.8 331 0 44.8 10.5 10.0 0.0 0 0 4 2 2
-6639.3 4118.5 -2.1 331 0 29.6 7.2 7.5 2.5 2 0 3 3 3
-6777.9 4199.1 -3.3 151 0 35.8 61.9 10.0 0.0 0 1 4 2 2
-6838.6 4200.0 -2.3 331 0 16.3 9.7 7.5 2.5 2 0 3 1 1
-6812.7 4431.1 -5.6 331 0 48.0 64.1 12.5 0.0 0 1 5 3 3
-6843.2 4489.0 -5.2 331 0 13.7 19.3 10.0 2.5 4 1 4 3 3
-6827.3 4460.1 -4.8 329 0 12.0 18.9 5.0 0.0 0 1 2 0 0
-6879.0 4474.1 -6.3 242 0 10.6 41.3 7.5 0.0 0 1 3 1 1
-6883.7 4566.5 -6.2 331 0 29.9 8.7 7.5 2.5 2 0 3 3 3
-6924.9 3898.3 -0.4 240 0 12.3 21.4 10.0 2.5 2 1 4 4 4
-6890.2 3845.8 -0.2 329 0 21.4 13.2 10.0 2.5 2 0 4 2 2
-6099.3 6557.1 -8.2 62 0 33.9 27.7 7.5 0.0 0 0 3 4 4
-5464.9 7121.3 -11.4 86 0 5.9 11.5 7.5 2.5 2 1 3 2 2
-5524.0 7263.9 -10.9 106 0 7.4 33.3 7.5 2.5 2 1 3 5 5
-5310.3 7153.1 -11.9 103 0 9.5 8.2 5.0 2.5 2 0 2 2 2
-5381.5 7168.2 -11.7 73 0 18.6 13.9 10.0 2.5 2 0 4 0 0
-6897.5 4266.6 -3.9 238 0 31.7 9.7 7.5 2.5 2 0 3 5 5
-6913.5 4300.9 -4.4 152 0 13.1 12.7 5.0 2.5 4 0 2 3 3
-6767.0 4162.5 -2.3 149 0 11.1 21.9 7.5 2.5 2 1 3 2 2
-6851.9 4035.3 0.2 241 0 7.3 47.0 7.5 2.5 2 1 3 0 0
4082.7 -1663.6 -1.5 326 0 4.4 6.2 5.0 2.5 2 1 2 4 4
4090.3 -1690.7 -1.5 61 0 4.6 12.7 5.0 2.5 2 1 2 5 5
